0.07
0.09
0.13
0.13
0.15
0.11
0.13
0.16
0.15
0.16
0.23
0.21
0.25
0.24
0.23
0.28
0.22
0.25
0.25
0.25
0.18
0.2
0.22
0.24
0.23
0.27
0.26
0.23
0.24
0.22
0.21
0.15
0.08
0.12
0.18
0.2
0.18
0.18
0.17
0.21
0.25
0.22
0.28
0.25
0.3
0.3
0.31
0.33
0.29
0.29
0.34
0.28
0.24
0.29
0.28
0.28
0.29
0.26
0.27
0.27
0.26
0.23
0.22
0.21
0.1
0.15
0.2
0.23
0.22
0.21
0.19
0.2
0.27
0.27
0.29
0.29
0.31
0.33
0.3
0.31
0.32
0.33
0.33
0.33
0.33
0.33
0.35
0.37
0.33
0.32
0.3
0.28
0.25
0.24
0.24
0.2
0.12
0.18
0.21
0.23
0.23
0.18
0.23
0.25
0.31
0.33
0.28
0.26
0.32
0.36
0.39
0.38
0.37
0.32
0.35
0.34
0.35
0.35
0.34
0.32
0.28
0.31
0.35
0.34
0.26
0.29
0.28
0.23
0.17
0.19
0.22
0.23
0.21
0.24
0.21
0.26
0.33
0.36
0.36
0.4
0.37
0.4
0.38
0.39
0.43
0.38
0.42
0.39
0.37
0.36
0.38
0.41
0.35
0.34
0.34
0.31
0.3
0.29
0.27
0.23
0.19
0.23
0.24
0.27
0.24
0.26
0.24
0.27
0.33
0.38
0.37
0.42
0.41
0.41
0.42
0.45
0.44
0.46
0.44
0.41
0.32
0.34
0.42
0.41
0.39
0.35
0.35
0.3
0.3
0.31
0.27
0.22
0.24
0.24
0.24
0.28
0.28
0.29
0.27
0.33
0.35
0.42
0.43
0.45
0.42
0.38
0.43
0.45
0.45
0.45
0.41
0.43
0.41
0.41
0.41
0.39
0.37
0.38
0.34
0.32
0.32
0.3
0.24
0.18
0.23
0.3
0.29
0.32
0.34
0.31
0.31
0.34
0.41
0.43
0.46
0.46
0.42
0.39
0.41
0.45
0.43
0.49
0.46
0.45
0.49
0.43
0.42
0.42
0.39
0.37
0.36
0.32
0.31
0.26
0.22
0.2
0.21
0.28
0.31
0.34
0.35
0.33
0.35
0.36
0.39
0.48
0.5
0.43
0.46
0.43
0.42
0.45
0.44
0.44
0.5
0.43
0.48
0.44
0.4
0.45
0.39
0.38
0.37
0.38
0.35
0.31
0.28
0.2
0.2
0.28
0.32
0.34
0.36
0.4
0.4
0.4
0.43
0.46
0.51
0.52
0.51
0.52
0.51
0.49
0.49
0.49
0.51
0.51
0.51
0.47
0.43
0.47
0.42
0.41
0.38
0.4
0.34
0.3
0.28
0.24
0.21
0.27
0.29
0.33
0.37
0.4
0.46
0.47
0.46
0.45
0.51
0.54
0.56
0.58
0.57
0.54
0.56
0.5
0.52
0.48
0.49
0.46
0.46
0.45
0.43
0.42
0.38
0.4
0.32
0.28
0.25
0.23
0.2
0.24
0.3
0.36
0.4
0.43
0.47
0.48
0.46
0.47
0.46
0.56
0.59
0.63
0.62
0.57
0.57
0.54
0.46
0.5
0.47
0.47
0.48
0.46
0.49
0.44
0.4
0.38
0.35
0.35
0.31
0.27
0.25
0.31
0.34
0.38
0.39
0.42
0.43
0.45
0.39
0.46
0.44
0.58
0.6
0.61
0.64
0.66
0.59
0.53
0.5
0.47
0.52
0.49
0.47
0.45
0.46
0.45
0.43
0.39
0.35
0.36
0.34
0.27
0.25
0.32
0.35
0.37
0.38
0.38
0.41
0.43
0.47
0.48
0.51
0.57
0.61
0.66
0.66
0.7
0.64
0.56
0.55
0.52
0.53
0.5
0.52
0.48
0.46
0.42
0.41
0.38
0.39
0.38
0.36
0.32
0.26
0.32
0.37
0.36
0.36
0.39
0.46
0.44
0.49
0.51
0.54
0.59
0.6
0.69
0.73
0.82
0.74
0.56
0.59
0.53
0.55
0.51
0.47
0.45
0.44
0.4
0.41
0.41
0.43
0.37
0.32
0.34
0.24
0.32
0.34
0.34
0.36
0.4
0.42
0.47
0.47
0.5
0.51
0.57
0.62
0.68
0.78
1.0
0.72
0.6
0.58
0.55
0.52
0.49
0.42
0.43
0.45
0.42
0.34
0.38
0.35
0.31
0.32
0.28
0.25
0.33
0.36
0.36
0.32
0.37
0.4
0.41
0.45
0.48
0.48
0.52
0.59
0.69
0.69
0.77
0.68
0.67
0.61
0.52
0.55
0.48
0.48
0.46
0.46
0.46
0.41
0.41
0.37
0.31
0.35
0.3
0.21
0.25
0.32
0.36
0.39
0.33
0.39
0.44
0.44
0.44
0.45
0.51
0.56
0.62
0.64
0.59
0.54
0.64
0.57
0.57
0.52
0.51
0.48
0.48
0.42
0.43
0.36
0.36
0.38
0.33
0.32
0.27
0.23
0.31
0.34
0.34
0.35
0.34
0.4
0.42
0.46
0.43
0.46
0.48
0.55
0.53
0.6
0.55
0.59
0.57
0.54
0.56
0.51
0.52
0.45
0.43
0.4
0.39
0.39
0.35
0.37
0.33
0.32
0.27
0.25
0.3
0.31
0.34
0.34
0.32
0.37
0.39
0.42
0.43
0.42
0.42
0.51
0.53
0.54
0.56
0.56
0.54
0.58
0.54
0.47
0.49
0.43
0.41
0.4
0.4
0.41
0.32
0.33
0.31
0.31
0.26
0.24
0.32
0.31
0.36
0.35
0.38
0.41
0.4
0.41
0.38
0.37
0.41
0.48
0.51
0.53
0.51
0.51
0.5
0.56
0.52
0.5
0.47
0.42
0.42
0.41
0.42
0.37
0.35
0.32
0.33
0.27
0.18
0.24
0.33
0.32
0.34
0.34
0.33
0.35
0.33
0.35
0.38
0.38
0.37
0.48
0.45
0.51
0.49
0.46
0.48
0.52
0.51
0.43
0.44
0.4
0.41
0.38
0.38
0.37
0.32
0.3
0.32
0.27
0.2
0.25
0.29
0.3
0.3
0.31
0.36
0.36
0.34
0.34
0.36
0.35
0.39
0.38
0.41
0.41
0.39
0.43
0.49
0.49
0.47
0.43
0.43
0.37
0.34
0.4
0.38
0.37
0.32
0.31
0.32
0.23
0.22
0.22
0.21
0.26
0.3
0.3
0.33
0.34
0.38
0.39
0.33
0.35
0.35
0.41
0.42
0.42
0.39
0.43
0.43
0.43
0.41
0.36
0.4
0.38
0.36
0.33
0.36
0.36
0.34
0.34
0.31
0.29
0.27
0.15
0.25
0.27
0.27
0.3
0.36
0.38
0.41
0.4
0.36
0.37
0.38
0.36
0.39
0.4
0.4
0.4
0.4
0.41
0.4
0.36
0.35
0.33
0.31
0.31
0.32
0.35
0.34
0.32
0.32
0.27
0.23
0.16
0.22
0.25
0.27
0.33
0.39
0.35
0.35
0.37
0.34
0.31
0.35
0.35
0.36
0.38
0.38
0.41
0.33
0.37
0.39
0.36
0.31
0.3
0.28
0.31
0.31
0.33
0.32
0.3
0.3
0.26
0.23
0.14
0.19
0.24
0.27
0.28
0.32
0.32
0.31
0.33
0.28
0.3
0.3
0.31
0.35
0.36
0.38
0.38
0.35
0.37
0.35
0.31
0.33
0.28
0.28
0.28
0.29
0.29
0.29
0.26
0.27
0.26
0.23
0.14
0.17
0.2
0.23
0.28
0.34
0.31
0.3
0.3
0.29
0.28
0.29
0.33
0.31
0.34
0.33
0.31
0.28
0.3
0.27
0.29
0.28
0.27
0.28
0.27
0.29
0.29
0.3
0.27
0.25
0.23
0.22
0.13
0.17
0.18
0.24
0.28
0.32
0.3
0.32
0.31
0.3
0.29
0.33
0.33
0.31
0.35
0.33
0.3
0.27
0.28
0.29
0.27
0.27
0.28
0.32
0.29
0.29
0.3
0.29
0.28
0.2
0.19
0.16
0.16
0.15
0.21
0.21
0.21
0.23
0.24
0.29
0.29
0.33
0.33
0.3
0.29
0.28
0.27
0.25
0.24
0.27
0.25
0.22
0.25
0.25
0.22
0.23
0.25
0.23
0.27
0.26
0.24
0.19
0.15
0.14
0.13
0.15
0.18
0.19
0.23
0.23
0.19
0.24
0.28
0.27
0.27
0.28
0.24
0.23
0.24
0.19
0.23
0.24
0.2
0.17
0.22
0.22
0.21
0.21
0.2
0.22
0.25
0.19
0.21
0.2
0.1
0.09
0.14
0.12
0.16
0.18
0.18
0.2
0.18
0.19
0.18
0.22
0.24
0.18
0.2
0.2
0.19
0.18
0.18
0.19
0.2
0.17
0.17
0.19
0.16
0.17
0.2
0.22
0.21
0.19
0.2
0.11
0.13
0.11

40
40
39
37
39
38
37
37
37
35
40
41
38
39
39
37
35
32
32
32
34
37
35
35
37
38
38
39
41
42
44
45
43
39
38
37
37
36
36
35
34
33
37
39
38
38
37
35
31
30
32
30
31
34
34
34
35
36
37
38
40
41
43
42
44
41
40
38
36
34
34
34
34
34
35
36
35
36
35
33
27
31
32
29
29
31
33
34
35
37
36
38
39
38
40
40
44
41
39
38
36
34
35
35
36
37
36
32
33
33
32
31
27
29
29
27
28
31
31
32
32
33
35
37
39
40
41
42
40
40
38
36
35
34
34
30
33
33
31
32
32
31
30
30
29
28
28
27
29
30
31
32
31
32
34
36
36
38
40
39
40
36
35
35
33
33
31
28
28
31
28
29
28
30
27
26
27
28
28
27
27
29
29
31
32
32
32
34
35
38
39
40
36
35
35
34
32
29
29
30
27
27
26
27
26
27
26
24
25
25
26
25
24
25
27
28
31
34
33
33
32
35
39
41
34
33
32
31
30
28
27
27
28
25
24
24
25
23
23
22
20
21
22
21
23
24
25
26
30
33
32
31
30
33
35
39
31
31
31
30
30
27
26
26
27
22
21
22
23
21
19
19
18
18
21
22
24
26
27
27
29
30
30
30
33
33
34
37
32
30
30
31
30
29
25
25
23
19
20
18
20
17
15
16
17
17
18
22
23
23
25
26
28
29
30
31
32
33
38
40
32
30
29
30
28
29
27
25
20
19
19
18
16
15
14
13
16
17
17
19
22
23
24
24
24
28
30
31
34
35
38
40
31
30
31
30
29
28
26
23
22
19
18
15
14
13
12
13
13
14
14
17
19
21
23
22
23
27
29
30
34
34
37
40
32
30
31
29
28
28
25
23
19
18
16
12
13
11
10
11
11
10
13
14
17
21
22
22
21
26
27
29
31
34
36
36
32
32
30
28
27
26
24
22
19
18
14
12
11
10
8
7
8
9
11
13
15
18
21
22
22
26
27
27
30
34
36
36
32
31
29
29
26
26
22
21
18
19
15
12
10
8
5
3
5
8
10
13
16
16
20
21
25
27
29
30
33
35
34
36
34
30
29
28
25
25
23
21
20
18
14
12
10
7
2
0
3
8
10
14
18
18
21
23
25
25
28
30
32
32
34
36
34
32
30
30
25
27
23
22
22
21
17
11
9
7
4
3
6
8
12
16
18
20
21
20
22
27
30
30
32
32
32
35
36
34
32
30
29
25
21
21
23
20
14
14
12
11
6
5
6
9
11
15
19
20
19
20
23
28
29
31
32
31
33
35
36
33
32
30
29
25
22
21
22
20
18
17
15
10
8
10
12
11
13
15
19
21
21
20
23
26
29
30
31
32
32
32
35
33
31
30
28
26
23
22
22
19
18
16
14
12
11
12
13
15
14
16
19
21
20
21
24
26
29
28
33
33
34
34
35
33
30
29
32
32
26
25
25
23
19
17
16
16
15
15
16
15
17
17
20
21
22
23
25
27
29
32
33
34
35
37
35
32
32
32
32
32
29
25
27
24
23
20
18
17
16
18
18
18
18
19
21
19
22
25
28
27
30
32
33
34
35
36
35
36
34
32
34
33
32
28
28
26
26
24
22
18
18
18
20
20
20
21
24
22
24
26
30
31
31
32
33
34
36
36
35
36
37
35
34
34
33
32
28
27
27
24
22
21
21
20
20
22
21
23
22
25
29
28
31
30
32
33
34
35
35
36
37
36
36
35
36
35
36
33
31
29
28
26
27
23
23
19
21
23
24
25
25
27
27
29
30
30
32
34
35
35
36
35
39
38
36
36
37
36
36
36
35
31
30
28
27
26
24
23
24
23
23
27
26
27
28
29
32
33
35
35
36
37
38
38
39
40
38
37
38
37
35
36
34
34
31
30
30
26
26
24
25
24
26
27
28
27
28
30
33
35
35
38
37
37
39
37
42
38
38
36
38
38
36
35
36
36
34
34
33
31
27
27
29
28
28
29
29
29
30
32
33
37
37
39
38
40
41
39
41
40
39
41
41
38
38
38
38
37
33
35
34
31
29
29
31
29
29
31
33
32
33
34
36
39
37
37
41
42
42
43
41
40
42
42
40
40
40
38
38
36
36
36
35
33
31
30
31
32
31
32
33
34
33
35
37
38
37
40
43
43
43
44
42
41
42
41
42
42
40
38
39
39
37
36
37
34
30
32
33
33
30
33
32
35
36
37
39
40
39
39
42
43
40
44
44
42
45
44
42
45
41
39
42
40
40
37
35
35
33
35
35
34
33
35
33
36
36
38
42
41
42
40
42
43
43
41
