0.1
0.15
0.18
0.21
0.17
0.26
0.21
0.24
0.22
0.24
0.31
0.29
0.33
0.33
0.35
0.37
0.35
0.39
0.32
0.31
0.3
0.27
0.29
0.3
0.29
0.2
0.19
0.18
0.17
0.19
0.12
0.12
0.15
0.23
0.25
0.28
0.26
0.26
0.25
0.3
0.3
0.32
0.37
0.35
0.41
0.45
0.44
0.44
0.38
0.43
0.42
0.34
0.33
0.29
0.36
0.34
0.29
0.29
0.26
0.23
0.22
0.21
0.16
0.15
0.24
0.29
0.28
0.31
0.31
0.31
0.29
0.35
0.38
0.4
0.43
0.45
0.46
0.44
0.45
0.45
0.44
0.44
0.46
0.48
0.37
0.35
0.4
0.37
0.33
0.34
0.3
0.29
0.25
0.23
0.24
0.2
0.26
0.31
0.33
0.32
0.28
0.37
0.4
0.41
0.4
0.45
0.41
0.45
0.46
0.49
0.52
0.52
0.46
0.48
0.49
0.5
0.42
0.37
0.39
0.41
0.4
0.41
0.36
0.34
0.28
0.28
0.24
0.21
0.27
0.34
0.37
0.4
0.37
0.37
0.37
0.44
0.39
0.45
0.49
0.49
0.51
0.51
0.51
0.52
0.5
0.53
0.51
0.5
0.46
0.45
0.43
0.46
0.44
0.45
0.45
0.4
0.36
0.3
0.28
0.23
0.32
0.33
0.4
0.41
0.41
0.44
0.42
0.46
0.53
0.49
0.49
0.51
0.52
0.51
0.51
0.49
0.49
0.51
0.5
0.51
0.49
0.46
0.46
0.42
0.45
0.46
0.44
0.39
0.39
0.35
0.28
0.26
0.26
0.34
0.4
0.43
0.42
0.48
0.49
0.5
0.52
0.59
0.61
0.58
0.57
0.56
0.53
0.51
0.52
0.54
0.54
0.57
0.53
0.51
0.58
0.52
0.48
0.44
0.41
0.47
0.46
0.4
0.33
0.29
0.24
0.33
0.44
0.43
0.42
0.48
0.54
0.55
0.56
0.62
0.58
0.58
0.61
0.61
0.59
0.53
0.56
0.59
0.55
0.53
0.57
0.59
0.54
0.52
0.48
0.49
0.47
0.48
0.4
0.4
0.32
0.25
0.26
0.32
0.42
0.42
0.43
0.48
0.48
0.56
0.57
0.63
0.6
0.58
0.62
0.6
0.64
0.6
0.6
0.63
0.65
0.62
0.59
0.59
0.59
0.57
0.49
0.52
0.47
0.41
0.41
0.34
0.31
0.26
0.29
0.36
0.41
0.4
0.44
0.5
0.52
0.6
0.61
0.66
0.61
0.56
0.6
0.59
0.6
0.59
0.63
0.67
0.67
0.67
0.54
0.57
0.58
0.53
0.53
0.55
0.45
0.39
0.39
0.37
0.3
0.27
0.29
0.33
0.33
0.4
0.43
0.5
0.53
0.52
0.62
0.65
0.61
0.56
0.57
0.64
0.67
0.69
0.72
0.71
0.68
0.67
0.56
0.57
0.47
0.53
0.52
0.5
0.48
0.41
0.41
0.36
0.35
0.28
0.26
0.32
0.35
0.36
0.39
0.46
0.54
0.56
0.62
0.61
0.64
0.65
0.68
0.74
0.7
0.67
0.73
0.74
0.69
0.66
0.62
0.61
0.55
0.56
0.54
0.52
0.5
0.47
0.41
0.36
0.36
0.26
0.28
0.33
0.36
0.39
0.41
0.45
0.51
0.57
0.55
0.57
0.65
0.71
0.64
0.73
0.76
0.8
0.8
0.8
0.7
0.7
0.66
0.63
0.58
0.51
0.52
0.5
0.49
0.5
0.41
0.37
0.36
0.3
0.27
0.36
0.39
0.39
0.4
0.47
0.5
0.59
0.55
0.57
0.65
0.63
0.64
0.69
0.8
0.85
0.83
0.75
0.74
0.71
0.66
0.62
0.59
0.58
0.55
0.49
0.5
0.47
0.42
0.39
0.38
0.34
0.25
0.33
0.36
0.35
0.45
0.46
0.53
0.52
0.57
0.6
0.6
0.66
0.71
0.76
0.88
1.0
0.9
0.8
0.75
0.74
0.68
0.64
0.56
0.55
0.57
0.56
0.55
0.49
0.46
0.43
0.37
0.32
0.29
0.32
0.39
0.42
0.41
0.47
0.51
0.52
0.57
0.58
0.62
0.64
0.67
0.81
1.0
0.9
1.0
0.79
0.78
0.69
0.69
0.66
0.62
0.59
0.6
0.54
0.53
0.47
0.48
0.42
0.38
0.29
0.3
0.35
0.36
0.38
0.41
0.49
0.54
0.52
0.56
0.55
0.64
0.66
0.68
0.81
0.89
1.0
0.82
0.76
0.75
0.64
0.67
0.64
0.6
0.62
0.56
0.56
0.47
0.43
0.43
0.42
0.37
0.31
0.32
0.39
0.38
0.39
0.45
0.49
0.5
0.52
0.57
0.6
0.6
0.67
0.7
0.77
0.84
0.87
0.72
0.72
0.72
0.68
0.67
0.64
0.59
0.65
0.55
0.56
0.55
0.48
0.44
0.43
0.41
0.29
0.3
0.38
0.4
0.44
0.42
0.53
0.47
0.52
0.6
0.67
0.63
0.63
0.71
0.75
0.79
0.81
0.79
0.78
0.72
0.66
0.61
0.58
0.64
0.61
0.52
0.48
0.46
0.41
0.42
0.42
0.36
0.23
0.31
0.34
0.39
0.41
0.48
0.53
0.55
0.57
0.57
0.6
0.64
0.59
0.64
0.67
0.73
0.76
0.72
0.71
0.7
0.67
0.61
0.62
0.57
0.5
0.55
0.48
0.43
0.4
0.4
0.36
0.35
0.25
0.26
0.33
0.37
0.39
0.48
0.46
0.52
0.51
0.56
0.61
0.62
0.57
0.56
0.66
0.71
0.69
0.67
0.71
0.66
0.66
0.62
0.58
0.52
0.5
0.52
0.46
0.5
0.46
0.43
0.37
0.31
0.24
0.24
0.3
0.33
0.37
0.44
0.47
0.52
0.52
0.47
0.53
0.58
0.59
0.57
0.61
0.65
0.66
0.68
0.67
0.61
0.63
0.55
0.52
0.57
0.53
0.52
0.47
0.45
0.45
0.42
0.38
0.33
0.26
0.2
0.31
0.31
0.38
0.4
0.41
0.49
0.54
0.49
0.51
0.55
0.57
0.55
0.66
0.67
0.66
0.69
0.64
0.6
0.6
0.59
0.54
0.55
0.57
0.54
0.48
0.49
0.42
0.39
0.35
0.31
0.25
0.2
0.32
0.38
0.37
0.37
0.45
0.46
0.49
0.53
0.55
0.6
0.57
0.56
0.64
0.62
0.64
0.65
0.61
0.58
0.54
0.51
0.53
0.48
0.52
0.48
0.47
0.44
0.45
0.4
0.35
0.34
0.27
0.19
0.28
0.35
0.33
0.36
0.39
0.42
0.42
0.5
0.5
0.51
0.52
0.57
0.6
0.6
0.61
0.6
0.61
0.54
0.53
0.52
0.49
0.45
0.41
0.44
0.41
0.45
0.39
0.4
0.35
0.34
0.26
0.21
0.27
0.29
0.32
0.32
0.39
0.41
0.39
0.45
0.44
0.52
0.51
0.57
0.54
0.52
0.56
0.58
0.57
0.53
0.55
0.52
0.47
0.47
0.42
0.4
0.44
0.46
0.4
0.37
0.36
0.3
0.25
0.18
0.25
0.26
0.33
0.34
0.37
0.35
0.41
0.4
0.43
0.48
0.51
0.56
0.52
0.52
0.55
0.54
0.53
0.51
0.52
0.51
0.47
0.4
0.38
0.4
0.42
0.41
0.37
0.37
0.36
0.28
0.22
0.16
0.21
0.24
0.3
0.33
0.32
0.34
0.37
0.44
0.43
0.42
0.48
0.5
0.5
0.46
0.46
0.49
0.45
0.43
0.5
0.52
0.45
0.42
0.37
0.34
0.31
0.36
0.35
0.35
0.3
0.27
0.23
0.13
0.17
0.22
0.26
0.3
0.3
0.31
0.37
0.4
0.4
0.39
0.4
0.4
0.46
0.43
0.43
0.44
0.44
0.46
0.46
0.51
0.47
0.41
0.32
0.36
0.33
0.32
0.31
0.32
0.3
0.27
0.23
0.17
0.19
0.21
0.27
0.27
0.32
0.32
0.33
0.34
0.33
0.35
0.35
0.4
0.39
0.39
0.42
0.46
0.48
0.44
0.44
0.43
0.38
0.37
0.33
0.34
0.33
0.33
0.31
0.29
0.24
0.22
0.19
0.1
0.17
0.19
0.21
0.22
0.28
0.29
0.32
0.33
0.33
0.31
0.32
0.34
0.34
0.34
0.4
0.41
0.4
0.36
0.39
0.33
0.3
0.34
0.35
0.33
0.3
0.29
0.21
0.23
0.21
0.22
0.18
0.09
0.12
0.15
0.2
0.18
0.23
0.22
0.24
0.27
0.3
0.28
0.25
0.24
0.23
0.28
0.28
0.3
0.31
0.29
0.3
0.25
0.22
0.23
0.28
0.3
0.23
0.22
0.15
0.19
0.17
0.15
0.12

41
41
39
39
38
39
36
34
33
32
31
30
28
27
28
30
31
30
30
31
32
35
37
41
40
41
40
39
40
40
44
44
41
40
37
37
38
39
35
32
31
32
30
30
29
30
29
29
30
31
31
30
33
33
35
38
40
38
40
39
39
40
43
43
43
41
41
39
38
37
34
32
31
30
29
28
28
28
28
28
29
28
29
29
32
31
33
37
39
40
38
39
38
38
39
41
41
40
38
38
37
34
34
32
30
30
28
28
27
26
25
25
26
27
27
28
30
31
33
35
35
36
37
38
38
39
38
40
40
37
35
34
35
34
32
30
28
26
25
26
27
26
25
24
23
25
24
26
28
32
32
33
33
35
35
36
36
36
39
41
41
38
37
36
36
33
31
30
29
25
26
25
24
22
22
21
21
23
24
27
28
29
31
34
34
35
34
33
35
36
37
38
39
36
36
36
33
33
30
29
28
25
24
25
23
22
22
22
19
21
24
25
26
28
28
29
31
33
33
35
35
34
37
38
33
34
35
34
33
33
31
28
28
25
24
23
22
21
20
19
18
20
20
22
23
26
26
28
31
32
34
34
35
35
36
36
32
33
34
33
33
31
29
28
25
24
23
23
21
19
17
17
15
17
18
21
20
25
26
28
28
30
32
32
33
33
34
36
34
33
31
31
30
29
27
25
22
20
18
19
19
17
17
16
15
16
17
20
21
22
24
26
27
29
30
29
30
33
34
34
33
32
30
32
31
28
24
24
21
20
17
15
12
13
13
14
14
14
15
18
20
20
23
26
27
26
28
30
31
33
34
34
32
30
30
28
28
26
24
22
20
20
15
12
12
10
10
11
10
11
12
16
18
17
21
24
25
26
27
29
31
31
33
32
31
31
32
29
26
22
23
21
18
17
13
11
11
9
9
9
9
9
9
14
17
19
21
24
24
26
26
28
30
31
32
34
31
33
32
29
25
23
22
21
18
16
14
12
8
6
5
4
5
8
9
13
16
18
21
23
23
25
25
28
30
32
33
34
29
32
32
30
27
24
21
19
17
15
14
10
6
3
2
0
2
6
8
12
14
16
19
23
24
25
26
29
31
33
33
32
31
32
31
29
25
24
21
17
17
16
12
9
6
3
0
1
0
3
7
10
15
15
17
20
22
24
26
27
29
33
31
32
31
31
31
29
28
24
23
20
18
16
13
10
7
4
1
0
1
2
7
10
14
15
19
21
24
26
28
29
30
31
32
33
33
31
29
28
26
24
24
22
20
17
14
11
7
6
4
4
4
6
9
13
14
17
20
23
24
26
29
30
31
33
34
33
34
30
28
28
26
24
23
20
22
18
16
13
10
9
7
7
8
10
12
15
17
20
20
22
25
26
28
30
32
33
34
37
34
31
29
29
27
26
23
21
20
18
18
15
12
11
11
9
10
11
13
15
16
21
22
24
25
26
30
31
32
32
36
35
32
30
29
29
27
27
25
24
22
20
18
15
12
12
12
12
13
15
16
16
19
22
23
25
26
28
32
33
35
33
37
40
33
32
31
30
27
27
26
24
23
21
19
16
14
13
15
15
16
16
17
18
21
22
25
26
27
29
30
32
34
34
37
37
36
33
32
30
29
28
27
25
23
22
19
19
17
16
16
17
17
17
20
20
21
23
25
25
27
30
31
34
35
36
36
39
36
33
33
32
31
29
28
26
25
23
21
21
19
19
18
18
19
20
20
22
25
24
26
27
28
29
32
34
35
36
38
41
34
33
34
33
29
28
27
26
25
24
22
23
21
20
20
21
20
20
21
23
25
25
27
28
29
29
31
33
36
36
36
39
36
33
32
33
33
31
28
27
25
25
25
24
23
22
23
23
22
21
22
25
25
27
28
29
31
33
33
33
35
35
37
39
36
37
36
35
33
33
29
28
27
26
25
25
24
25
25
24
24
23
24
27
27
28
28
30
34
34
33
36
35
35
37
40
39
39
38
36
35
34
32
30
28
26
27
26
25
25
26
26
25
26
28
28
28
29
31
32
33
33
34
35
36
36
37
38
43
40
40
36
35
33
30
28
27
28
27
28
28
27
27
27
26
28
30
30
30
32
31
32
32
35
35
36
38
38
38
41
41
40
39
36
37
34
31
31
30
30
29
28
30
28
29
28
29
30
31
30
31
31
33
34
35
35
36
37
39
39
39
41
43
41
39
37
37
37
34
33
31
31
31
32
31
30
29
31
30
32
32
33
32
34
34
35
36
37
38
43
41
40
41
42
46
44
42
38
40
39
36
32
32
31
32
33
31
30
31
30
31
33
31
32
34
36
35
35
37
40
41
47
45
43
42
41
