0.19
0.1
0.11
0.2
0.15
0.28
0.24
0.19
0.08
0.14
0.09
0.12
0.08
0.08
0.11
0.12
0.12
0.1
0.15
0.12
0.08
0.16
0.16
0.25
0.21
0.18
0.12
0.14
0.11
0.17
0.11
0.11
0.15
0.11
0.17
0.26
0.18
0.23
0.19
0.18
0.16
0.14
0.08
0.11
0.19
0.1
0.15
0.22
0.17
0.22
0.23
0.21
0.19
0.22
0.23
0.19
0.2
0.12
0.12
0.26
0.19
0.23
0.21
0.12
0.26
0.21
0.32
0.22
0.14
0.22
0.15
0.18
0.2
0.16
0.17
0.25
0.24
0.25
0.22
0.16
0.12
0.09
0.19
0.28
0.25
0.18
0.25
0.16
0.13
0.15
0.22
0.21
0.2
0.26
0.24
0.21
0.15
0.15
0.31
0.22
0.22
0.21
0.18
0.18
0.21
0.27
0.18
0.36
0.29
0.23
0.15
0.19
0.12
0.11
0.24
0.27
0.16
0.18
0.19
0.13
0.1
0.19
0.2
0.15
0.22
0.23
0.26
0.17
0.08
0.11
0.16
0.17
0.16
0.19
0.19
0.18
0.24
0.27
0.26
0.24
0.23
0.27
0.31
0.26
0.21
0.11
0.13
0.33
0.27
0.19
0.28
0.21
0.18
0.16
0.21
0.15
0.16
0.22
0.22
0.25
0.23
0.22
0.13
0.15
0.18
0.15
0.15
0.19
0.19
0.18
0.2
0.23
0.27
0.21
0.22
0.21
0.18
0.19
0.15
0.21
0.15
0.14
0.21
0.2
0.18
0.16
0.17
0.16
0.16
0.17
0.13
0.1
0.18
0.16
0.13
0.12
0.11
0.12
0.23
0.2
0.21
0.18
0.22
0.22
0.23
0.16
0.17
0.22
0.26
0.25
0.22
0.21
0.11
0.13
0.23
0.2
0.22
0.13
0.18
0.15
0.14
0.22
0.13
0.13
0.16
0.13
0.13
0.15
0.15
0.21
0.26
0.23
0.26
0.25
0.16
0.17
0.14
0.17
0.21
0.31
0.3
0.35
0.27
0.29
0.13
0.12
0.16
0.18
0.15
0.15
0.19
0.18
0.19
0.16
0.13
0.12
0.09
0.13
0.11
0.15
0.14
0.17
0.2
0.22
0.28
0.27
0.21
0.16
0.16
0.16
0.27
0.28
0.22
0.22
0.26
0.26
0.17
0.14
0.09
0.16
0.16
0.21
0.19
0.23
0.22
0.17
0.17
0.14
0.16
0.16
0.18
0.18
0.19
0.18
0.19
0.24
0.23
0.24
0.23
0.2
0.19
0.18
0.24
0.25
0.23
0.21
0.24
0.18
0.17
0.21
0.1
0.15
0.19
0.18
0.17
0.22
0.26
0.14
0.13
0.13
0.19
0.32
0.22
0.23
0.2
0.26
0.28
0.17
0.16
0.23
0.23
0.23
0.15
0.2
0.31
0.3
0.21
0.2
0.17
0.17
0.21
0.24
0.11
0.28
0.14
0.08
0.15
0.17
0.18
0.13
0.1
0.19
0.13
0.22
0.21
0.2
0.25
0.2
0.18
0.21
0.16
0.14
0.22
0.18
0.2
0.2
0.25
0.24
0.18
0.22
0.18
0.23
0.21
0.23
0.22
0.25
0.19
0.12
0.08
0.19
0.21
0.19
0.23
0.27
0.14
0.18
0.24
0.2
0.2
0.16
0.12
0.17
0.11
0.15
0.16
0.17
0.16
0.18
0.23
0.19
0.18
0.24
0.3
0.22
0.32
0.27
0.28
0.18
0.13
0.15
0.16
0.24
0.3
0.24
0.23
0.18
0.15
0.15
0.21
0.19
0.14
0.11
0.07
0.09
0.12
0.21
0.15
0.15
0.13
0.26
0.4
0.28
0.3
0.23
0.22
0.26
0.33
0.34
0.23
0.22
0.17
0.14
0.15
0.14
0.18
0.23
0.15
0.17
0.16
0.12
0.14
0.23
0.19
0.12
0.19
0.17
0.17
0.21
0.15
0.16
0.24
0.33
0.48
0.5
0.31
0.23
0.2
0.24
0.29
0.23
0.25
0.21
0.13
0.17
0.19
0.16
0.2
0.19
0.13
0.1
0.09
0.11
0.1
0.13
0.14
0.21
0.19
0.19
0.14
0.13
0.17
0.18
0.3
0.33
0.5
1.0
0.38
0.27
0.18
0.2
0.2
0.19
0.21
0.15
0.15
0.17
0.24
0.21
0.14
0.18
0.15
0.1
0.13
0.2
0.16
0.14
0.1
0.12
0.19
0.2
0.15
0.11
0.11
0.12
0.19
0.31
0.42
0.46
0.3
0.25
0.23
0.19
0.2
0.17
0.24
0.16
0.17
0.19
0.19
0.14
0.11
0.2
0.17
0.15
0.11
0.15
0.23
0.17
0.15
0.16
0.22
0.19
0.22
0.09
0.11
0.14
0.19
0.3
0.36
0.33
0.24
0.23
0.22
0.15
0.12
0.17
0.22
0.25
0.12
0.17
0.14
0.12
0.13
0.11
0.18
0.08
0.16
0.12
0.15
0.15
0.17
0.14
0.2
0.25
0.25
0.14
0.13
0.1
0.2
0.35
0.28
0.27
0.19
0.15
0.24
0.19
0.14
0.19
0.25
0.23
0.22
0.18
0.19
0.11
0.15
0.16
0.2
0.11
0.1
0.08
0.1
0.2
0.12
0.17
0.19
0.2
0.23
0.19
0.18
0.15
0.22
0.26
0.23
0.32
0.2
0.17
0.13
0.14
0.14
0.24
0.28
0.24
0.2
0.23
0.15
0.1
0.15
0.18
0.24
0.12
0.07
0.16
0.14
0.17
0.19
0.17
0.16
0.2
0.18
0.24
0.18
0.13
0.16
0.17
0.25
0.3
0.21
0.19
0.19
0.1
0.16
0.23
0.24
0.19
0.26
0.23
0.22
0.13
0.18
0.18
0.19
0.16
0.1
0.17
0.21
0.16
0.15
0.17
0.12
0.16
0.23
0.17
0.27
0.19
0.16
0.19
0.17
0.16
0.13
0.18
0.17
0.17
0.15
0.18
0.2
0.27
0.21
0.17
0.25
0.17
0.13
0.21
0.29
0.29
0.18
0.23
0.17
0.15
0.2
0.12
0.13
0.24
0.29
0.25
0.25
0.16
0.11
0.13
0.14
0.16
0.18
0.26
0.15
0.13
0.07
0.11
0.26
0.23
0.22
0.19
0.22
0.18
0.16
0.22
0.18
0.27
0.16
0.22
0.23
0.16
0.11
0.1
0.12
0.15
0.22
0.23
0.17
0.14
0.14
0.11
0.13
0.15
0.23
0.17
0.13
0.14
0.09
0.11
0.25
0.33
0.28
0.18
0.14
0.15
0.12
0.15
0.23
0.19
0.2
0.31
0.29
0.22
0.15
0.12
0.13
0.17
0.26
0.27
0.22
0.19
0.16
0.13
0.15
0.22
0.17
0.21
0.09
0.22
0.21
0.19
0.25
0.28
0.26
0.25
0.17
0.18
0.16
0.13
0.17
0.11
0.24
0.28
0.27
0.29
0.16
0.16
0.19
0.21
0.28
0.3
0.23
0.19
0.21
0.14
0.16
0.18
0.16
0.13
0.11
0.19
0.22
0.23
0.21
0.27
0.24
0.27
0.2
0.26
0.28
0.27
0.2
0.2
0.23
0.19
0.35
0.31
0.26
0.27
0.2
0.21
0.18
0.2
0.26
0.19
0.16
0.11
0.18
0.14
0.15
0.16
0.25
0.21
0.22
0.25
0.24
0.22
0.24
0.18
0.18
0.21
0.28
0.26
0.28
0.21
0.1
0.16
0.26
0.26
0.25
0.16
0.19
0.13
0.11
0.09
0.14
0.19
0.14
0.19
0.31
0.2
0.13
0.16
0.25
0.21
0.2
0.18
0.23
0.2
0.2
0.17
0.16
0.17
0.21
0.18
0.25
0.17
0.13
0.12
0.29
0.29
0.18
0.2
0.13
0.12
0.16
0.11
0.08
0.11
0.18
0.2
0.24
0.21
0.26
0.16
0.14
0.15
0.22
0.18
0.2
0.13
0.14
0.13
0.15
0.17
0.18
0.22
0.23
0.27
0.1
0.1
0.25
0.32
0.21
0.25
0.2
0.16
0.22
0.22
0.15
0.2
0.23
0.2
0.28
0.24
0.19
0.14
0.12
0.12
0.16
0.14
0.2
0.1
0.11
0.18
0.17
0.19
0.2
0.19
0.17
0.18
0.18
0.11
0.12
0.19
0.17
0.22
0.29
0.24
0.21
0.2
0.19
0.2
0.23
0.22
0.21
0.18
0.15
0.14
0.08
0.08
0.11
0.13
0.15
0.12
0.12
0.12
0.08
0.09
0.16
0.14
0.1
0.1
0.15
0.14
0.07
0.12
0.2
0.23
0.19
0.12
0.17
0.15
0.14
0.11
0.21
0.2
0.21
0.12
0.05
0.05
0.08
0.07
0.1
0.19
0.17
0.12
0.12
0.12
0.14
0.09
0.16
0.11
0.08
0.1

18
19
17
15
18
16
15
16
20
17
17
14
19
15
21
21
18
21
16
17
20
18
15
16
16
19
16
16
19
17
18
15
20
18
17
16
19
19
17
21
21
17
10
13
18
13
19
19
19
19
16
20
21
17
17
15
19
22
19
17
19
18
16
16
19
20
18
16
20
16
15
16
21
18
12
12
17
16
17
19
23
23
18
20
21
18
16
19
20
20
20
18
22
18
18
18
20
17
13
13
18
17
16
17
19
19
11
4
10
14
17
20
24
20
19
18
18
17
18
17
20
18
21
19
22
19
20
18
17
17
16
17
20
18
22
21
22
20
16
9
12
15
18
17
20
18
19
18
16
19
18
19
18
18
21
17
20
18
21
18
16
18
20
15
15
18
18
20
21
20
19
14
12
14
20
18
19
19
22
22
19
19
17
17
16
17
19
18
18
19
19
18
17
19
22
19
22
19
18
16
17
20
13
16
20
17
18
17
16
17
19
18
22
18
14
17
16
20
20
18
17
18
18
20
16
18
22
22
20
19
18
13
16
17
15
18
20
22
19
17
13
18
19
21
21
17
17
17
18
18
17
18
14
14
17
19
18
19
19
17
19
18
16
15
15
19
21
18
21
21
19
17
17
19
20
20
19
16
17
18
20
20
18
15
12
18
18
16
20
20
19
18
18
13
14
14
15
20
20
17
21
23
18
16
18
18
22
20
17
16
20
18
19
18
15
15
15
18
17
15
20
18
17
20
17
15
14
18
20
20
18
17
21
21
18
17
19
19
21
17
16
17
17
19
20
17
15
14
17
18
17
19
18
18
16
19
16
14
17
20
25
25
20
19
18
18
17
17
19
20
24
20
18
15
16
17
20
20
17
16
17
17
19
18
20
22
19
20
19
17
16
18
22
22
20
21
22
18
17
14
17
18
20
17
17
15
14
15
18
19
16
17
19
18
18
18
19
18
19
20
19
17
18
20
18
20
19
22
19
15
13
11
12
12
19
17
15
14
15
17
18
17
16
22
19
17
20
22
16
19
19
20
19
23
23
21
20
20
18
21
15
10
7
4
6
11
16
16
15
13
14
16
20
17
14
16
17
19
21
21
20
20
20
22
21
21
23
24
24
23
22
19
13
8
3
0
4
12
12
15
18
15
13
20
20
19
16
18
16
18
18
20
21
17
18
20
22
23
23
23
22
22
24
21
17
13
7
3
8
11
15
16
17
15
19
14
15
16
16
18
17
18
18
21
22
16
18
17
21
18
17
22
22
24
22
20
18
18
14
9
10
13
17
18
21
19
19
16
18
19
17
18
14
17
16
23
18
18
17
19
19
20
18
19
21
25
21
18
19
17
14
13
16
14
17
17
18
20
18
16
17
22
19
18
17
16
19
22
21
20
22
18
18
21
20
20
16
19
21
20
19
15
15
16
16
19
19
22
18
21
19
19
17
22
21
23
19
21
20
23
17
18
20
21
18
17
17
17
17
20
17
20
19
19
17
15
19
15
15
17
17
20
17
18
16
21
22
22
22
20
19
21
17
20
19
19
21
19
21
20
18
18
16
18
19
17
16
16
18
15
15
18
17
19
17
16
15
17
16
19
21
19
19
18
17
20
23
21
21
20
20
20
18
18
19
20
22
17
17
18
15
12
15
15
14
16
15
16
14
14
18
17
19
18
19
18
16
19
20
21
23
18
16
21
19
20
19
20
19
20
19
18
15
17
19
20
18
19
14
10
11
13
19
18
24
21
18
18
17
18
17
19
22
21
17
16
16
18
19
21
21
19
18
19
16
16
19
20
18
19
16
16
13
14
15
19
21
23
22
21
14
15
18
20
23
22
20
16
19
18
21
21
19
23
19
18
17
17
18
18
20
18
15
15
15
16
17
19
21
21
18
23
12
14
17
19
20
20
17
15
21
21
20
21
18
17
19
19
23
22
18
19
15
10
13
15
15
16
20
22
18
21
19
16
17
14
16
20
18
21
22
21
22
19
21
22
20
21
20
22
26
21
19
19
16
17
15
18
18
18
25
25
18
23
20
23
20
18
17
18
21
20
20
22
19
22
21
19
16
18
19
21
22
23
23
21
17
17
16
17
19
19
21
21
19
18
20
20
26
19
18
18
21
20
19
22
17
17
21
15
15
19
19
19
22
22
24
23
21
18
15
19
16
21
19
19
14
18
20
19
24
26
24
22
18
21
21
20
14
15
18
17
19
20
21
23
23
23
25
25
25
19
18
21
23
23
19
19
16
16
18
17
22
15
19
20
19
21
22
23
23
22
22
19
18
19
24
27
24
25
21
21
22
16
16
17
23
19
17
17
17
17
18
18
