0.82
0.9
0.96
0.94
0.94
0.93
0.98
0.97
0.96
0.98
0.99
0.98
0.96
0.96
0.96
0.98
0.95
0.92
0.96
0.96
0.95
0.92
0.94
0.9
0.92
0.92
0.9
0.92
0.96
0.94
0.88
0.79
0.9
0.94
0.97
0.99
0.99
0.99
1.0
0.99
1.0
1.0
0.99
0.99
0.98
0.99
0.97
0.97
0.97
0.97
0.98
1.0
0.99
0.97
1.0
0.97
0.97
0.98
0.96
0.97
0.98
0.98
0.95
0.89
0.92
0.99
0.99
0.98
0.98
0.98
0.98
0.99
0.99
1.0
1.0
0.99
0.98
0.98
0.99
1.0
0.99
1.0
1.0
0.98
1.0
0.99
0.99
0.98
0.97
0.98
0.98
0.99
1.0
0.99
0.98
0.92
0.97
0.97
0.99
0.98
0.98
1.0
0.99
0.98
0.98
0.98
1.0
0.98
0.98
0.99
0.96
0.98
1.0
0.99
1.0
1.0
0.98
0.99
1.0
0.98
0.98
0.99
0.97
0.99
0.98
0.99
0.99
0.93
0.97
1.0
1.0
0.99
0.99
0.98
0.98
0.98
1.0
1.0
0.99
1.0
0.99
0.97
0.99
1.0
0.99
0.99
1.0
0.98
0.99
1.0
1.0
0.99
1.0
1.0
0.98
0.97
1.0
0.98
0.98
0.96
0.97
0.99
0.97
0.99
0.99
1.0
1.0
0.99
0.99
0.98
0.98
1.0
0.99
0.99
1.0
0.99
1.0
1.0
0.98
0.97
1.0
1.0
0.99
0.99
1.0
1.0
0.98
0.97
1.0
1.0
0.99
0.95
0.99
1.0
0.98
1.0
0.99
0.99
1.0
0.99
0.99
0.98
0.98
0.97
0.98
0.99
0.99
1.0
1.0
1.0
0.98
0.98
0.99
1.0
0.97
1.0
1.0
0.98
0.97
0.99
0.98
1.0
0.99
0.95
0.98
0.99
0.99
0.98
0.99
0.99
0.99
1.0
0.98
0.98
0.98
1.0
1.0
0.97
0.99
1.0
0.99
1.0
1.0
0.98
0.99
0.96
0.98
0.99
0.97
0.98
0.98
0.99
0.99
0.99
0.96
0.94
0.97
0.99
0.99
1.0
1.0
0.98
1.0
1.0
1.0
1.0
1.0
0.99
0.97
1.0
1.0
1.0
1.0
1.0
0.99
0.98
0.99
0.98
1.0
0.98
0.99
0.99
0.99
0.99
0.99
0.98
0.96
0.91
0.96
0.99
1.0
1.0
0.98
0.95
0.97
0.98
0.99
0.98
0.97
0.99
1.0
0.99
1.0
0.98
0.99
0.95
0.98
1.0
0.99
0.98
1.0
1.0
0.99
1.0
0.99
0.96
0.99
0.99
0.95
0.93
0.93
1.0
1.0
0.99
0.98
0.96
0.99
1.0
0.99
1.0
0.97
0.99
1.0
0.99
0.99
1.0
1.0
0.95
0.97
1.0
0.99
0.99
1.0
1.0
0.99
1.0
1.0
0.98
1.0
1.0
0.97
0.94
0.94
0.97
0.99
0.99
0.99
0.98
1.0
0.96
0.99
1.0
0.99
1.0
0.99
0.98
0.97
1.0
1.0
0.98
0.99
1.0
0.99
0.99
1.0
0.99
1.0
0.99
0.99
1.0
0.97
1.0
0.98
0.95
0.95
0.99
0.99
0.99
0.99
1.0
1.0
1.0
1.0
1.0
0.99
1.0
1.0
0.99
1.0
0.99
0.98
0.99
1.0
1.0
0.99
1.0
0.99
0.99
1.0
0.98
0.99
0.99
1.0
0.98
0.96
0.93
0.98
1.0
1.0
0.99
0.98
1.0
0.98
0.98
0.99
0.98
0.99
1.0
0.99
0.99
1.0
0.99
0.98
0.97
0.99
0.97
0.98
0.98
1.0
0.96
1.0
0.99
1.0
0.99
1.0
0.98
0.98
0.94
0.95
0.98
1.0
1.0
0.99
0.98
0.99
0.98
1.0
0.98
1.0
0.98
0.99
0.97
0.99
1.0
1.0
0.99
1.0
1.0
0.98
0.97
0.98
0.98
0.98
1.0
1.0
0.99
1.0
0.98
0.99
0.97
0.91
0.98
0.99
0.98
1.0
0.98
0.94
1.0
0.98
0.98
1.0
0.99
0.99
0.99
1.0
1.0
1.0
0.99
0.99
1.0
0.98
0.99
1.0
0.99
1.0
1.0
0.99
0.99
1.0
0.97
0.97
0.95
0.93
0.98
1.0
1.0
0.98
0.98
0.99
1.0
1.0
0.98
0.97
1.0
1.0
0.99
0.97
1.0
1.0
0.97
0.99
0.99
0.99
0.97
0.98
1.0
1.0
1.0
1.0
1.0
1.0
0.98
0.99
0.96
0.94
1.0
0.99
0.98
0.97
0.98
0.97
1.0
1.0
1.0
0.99
1.0
0.99
0.99
0.99
0.98
1.0
0.98
1.0
0.99
0.98
0.98
1.0
1.0
0.99
1.0
0.99
1.0
0.98
0.98
0.99
0.97
0.97
0.99
0.99
1.0
1.0
0.98
0.97
0.98
0.98
0.99
0.98
0.99
0.98
0.99
0.99
0.99
0.98
0.98
0.98
0.99
1.0
1.0
1.0
1.0
1.0
0.99
0.97
1.0
0.99
1.0
1.0
0.95
0.94
0.97
1.0
1.0
0.99
1.0
0.99
0.99
0.99
0.98
0.98
1.0
0.99
1.0
0.99
0.99
0.97
1.0
0.99
0.99
0.98
1.0
0.98
0.99
0.98
0.98
0.99
0.99
0.99
1.0
0.99
0.95
0.92
0.99
0.99
0.97
1.0
0.98
0.97
1.0
0.99
0.99
0.98
1.0
0.97
0.99
1.0
0.99
1.0
0.99
0.99
1.0
1.0
1.0
0.98
1.0
1.0
0.99
0.98
0.99
1.0
1.0
0.98
0.93
0.92
0.97
1.0
0.98
0.99
0.99
0.97
0.97
1.0
0.99
0.99
0.99
0.99
1.0
0.99
0.99
0.99
0.99
0.98
0.97
0.98
1.0
0.98
0.99
1.0
0.97
0.99
1.0
1.0
0.99
0.98
0.9
0.94
0.98
0.99
1.0
0.99
1.0
0.99
1.0
0.99
1.0
1.0
0.98
1.0
1.0
1.0
1.0
1.0
0.99
0.97
0.98
0.99
0.96
1.0
0.99
1.0
0.99
1.0
0.98
0.99
1.0
0.98
0.9
0.95
0.97
0.99
1.0
1.0
1.0
0.99
0.99
1.0
0.99
1.0
0.99
0.99
0.99
1.0
1.0
1.0
0.99
1.0
0.99
0.99
0.98
1.0
0.99
0.99
0.98
0.99
0.99
1.0
0.99
0.98
0.98
0.92
0.96
0.99
0.99
0.98
0.98
0.98
0.99
0.99
0.99
1.0
1.0
1.0
0.99
1.0
0.98
0.99
0.97
1.0
1.0
1.0
0.98
1.0
0.99
0.99
0.98
0.97
0.99
1.0
0.99
0.96
0.94
0.91
0.96
0.98
0.97
0.99
1.0
0.99
1.0
0.97
0.99
0.99
1.0
1.0
0.98
1.0
1.0
0.99
0.98
0.99
0.99
0.99
0.97
1.0
1.0
1.0
0.99
1.0
1.0
0.99
1.0
0.95
0.92
0.91
0.98
0.98
1.0
0.99
1.0
0.98
0.99
0.98
1.0
0.98
0.99
0.98
1.0
0.99
0.99
1.0
1.0
0.99
0.98
0.98
0.98
1.0
0.99
1.0
0.98
1.0
0.97
0.99
0.97
0.94
0.93
0.94
0.98
1.0
0.99
1.0
1.0
0.99
0.98
0.98
0.98
1.0
1.0
1.0
0.99
0.98
1.0
0.97
1.0
1.0
1.0
0.99
0.99
1.0
0.97
0.99
0.97
0.98
0.98
0.99
0.99
0.96
0.92
0.96
0.97
1.0
0.99
0.98
1.0
1.0
1.0
0.99
0.99
0.99
0.98
0.99
0.99
1.0
0.98
0.98
0.99
0.99
0.98
1.0
0.99
1.0
0.98
1.0
0.99
0.99
0.98
0.99
0.97
0.98
0.94
0.94
0.96
1.0
1.0
0.99
1.0
1.0
1.0
0.96
0.97
1.0
1.0
0.99
0.99
0.99
0.99
0.98
0.98
1.0
1.0
0.99
0.97
0.97
0.99
0.98
0.98
0.98
0.99
0.98
0.95
0.97
0.89
0.89
0.93
0.97
0.99
0.96
0.99
0.98
0.97
0.99
0.98
0.97
0.98
0.98
0.97
0.96
0.98
0.97
0.98
1.0
0.99
1.0
0.96
0.94
0.97
0.98
0.98
0.96
0.99
0.98
0.95
0.94
0.93
0.86
0.91
0.95
0.97
0.95
0.91
0.95
0.92
0.93
0.93
0.93
0.97
0.96
0.94
0.97
0.95
0.93
0.95
0.96
0.96
0.95
0.94
0.93
0.93
0.96
0.95
0.95
0.93
0.94
0.89
0.88
0.85

29
28
27
27
26
25
24
23
22
21
21
20
20
20
19
19
19
19
20
20
21
21
22
22
23
25
26
27
28
28
29
30
28
27
27
26
25
24
23
22
21
21
20
19
19
18
18
18
18
18
18
19
19
20
21
21
22
24
25
26
27
28
28
29
27
26
26
25
24
23
22
21
20
19
19
18
18
17
17
17
17
17
17
18
19
19
20
21
21
23
24
24
25
27
27
28
27
26
25
23
23
22
21
20
19
18
17
17
16
16
15
16
16
16
16
17
17
18
19
19
21
22
23
23
24
25
26
27
26
25
24
22
21
20
20
19
18
17
16
16
15
15
14
14
14
14
15
15
16
17
17
19
20
21
22
22
24
24
26
26
25
24
23
21
20
19
19
18
17
16
15
15
14
13
13
13
13
13
13
14
15
16
16
17
18
19
20
22
23
24
25
26
24
23
22
20
20
18
18
17
16
15
14
13
13
12
12
12
12
12
12
13
14
14
15
16
17
18
19
20
21
23
24
25
23
22
21
20
19
18
17
16
15
14
13
12
11
11
10
10
10
11
11
12
12
14
14
15
16
17
19
19
20
22
23
24
22
21
20
19
18
17
16
15
14
13
12
11
10
9
9
9
9
9
10
11
11
12
13
14
15
17
17
19
20
21
22
23
21
20
19
18
17
16
15
14
13
12
11
10
9
8
8
7
8
8
9
10
10
11
12
13
14
15
17
18
19
20
22
22
20
19
18
17
16
15
14
13
12
11
10
9
8
7
6
6
6
7
8
9
10
10
12
13
14
15
16
17
18
20
21
22
20
19
18
16
15
14
13
12
11
10
9
8
7
6
5
4
5
5
6
8
9
10
11
12
13
14
15
16
18
19
20
21
19
18
17
16
15
14
12
11
10
9
7
6
6
4
4
3
3
4
5
6
7
8
10
11
12
13
14
16
17
18
19
20
19
18
17
16
15
13
12
11
9
8
7
6
4
3
2
1
2
3
4
5
6
8
9
10
11
13
14
15
16
18
19
20
19
18
17
15
14
13
11
10
9
7
6
5
4
2
1
0
1
2
4
5
6
7
9
10
11
12
14
15
16
18
19
20
19
18
17
15
14
13
11
10
9
7
6
5
3
2
0
1
0
1
3
4
6
7
8
10
11
12
14
15
16
18
19
20
19
18
17
15
14
13
12
10
9
7
6
5
4
2
1
0
1
2
3
5
6
7
9
10
11
12
13
15
16
17
19
20
19
18
17
16
14
13
12
11
9
8
7
5
4
3
2
1
2
3
4
5
6
8
9
10
11
13
14
15
16
18
19
20
20
18
17
16
15
14
12
11
10
9
7
6
5
4
3
3
3
4
5
6
7
8
10
11
12
13
14
15
17
18
19
21
20
19
18
17
15
14
13
12
11
9
8
7
6
5
5
5
5
5
6
7
8
9
10
11
13
14
15
16
17
19
20
21
21
20
18
17
16
15
14
13
11
10
9
8
8
7
6
6
6
6
8
8
9
10
11
12
14
15
16
17
18
19
21
22
21
20
19
18
17
16
15
13
12
11
10
10
9
8
7
7
7
8
9
9
10
11
12
13
15
16
16
18
19
20
21
22
22
21
20
19
18
17
15
14
13
12
11
10
10
9
9
8
9
9
10
11
11
12
13
14
16
16
17
19
20
21
22
23
23
22
21
20
19
18
17
15
14
13
12
12
11
10
10
10
10
10
11
12
13
13
14
15
16
18
19
20
21
22
23
24
24
23
22
21
19
19
18
16
15
14
14
13
12
12
11
11
11
12
12
13
14
14
15
16
17
18
20
21
22
23
24
25
25
24
23
22
21
20
19
17
16
16
15
14
13
13
13
13
13
13
13
14
15
16
16
17
19
19
20
22
22
23
25
26
26
25
24
23
22
21
20
19
18
17
16
15
15
14
14
14
14
14
14
15
16
17
18
19
19
20
21
22
24
25
26
26
27
26
24
23
23
22
21
20
19
18
17
17
16
15
15
15
15
15
16
16
17
18
19
19
20
21
22
23
24
25
27
27
28
26
25
24
23
23
21
21
20
19
18
18
17
17
17
16
16
16
17
18
18
19
20
21
21
22
23
24
25
26
27
28
28
27
26
25
24
23
22
22
21
20
19
19
18
18
18
18
18
18
18
19
20
20
21
22
22
24
24
25
26
27
28
29
29
28
27
27
25
24
24
23
22
21
20
20
20
19
19
19
19
19
20
20
21
21
22
23
23
25
25
26
28
28
29
30
30
29
28
27
26
25
24
24
23
22
22
21
21
20
20
20
20
21
21
21
22
22
23
24
25
25
26
27
28
29
30
31
