0.92
0.82
0.83
0.97
0.85
0.93
0.96
0.92
0.81
0.97
0.95
0.9
0.77
0.75
0.78
0.83
0.9
0.82
0.85
0.79
0.83
0.86
0.74
1.0
0.93
0.86
0.77
0.84
0.94
0.97
0.84
0.72
0.8
0.87
0.95
0.96
0.92
0.95
0.9
0.98
0.93
0.92
0.9
0.84
0.9
0.86
0.91
0.94
0.97
0.99
0.99
0.86
0.82
0.92
0.98
0.98
0.97
0.93
0.91
0.98
0.98
0.99
0.98
0.74
0.98
1.0
0.99
0.99
0.96
0.97
0.94
0.91
0.96
0.89
0.91
0.92
0.92
0.95
0.97
0.89
0.89
0.88
0.96
0.99
0.93
0.86
1.0
0.93
0.89
0.93
0.93
0.95
0.95
1.0
0.97
0.87
0.89
0.89
0.94
0.95
0.96
0.96
0.93
0.97
0.99
0.99
0.93
0.96
0.91
0.96
0.93
0.94
0.94
0.89
0.98
0.99
0.85
0.86
0.94
0.93
0.87
0.93
0.93
0.89
0.97
0.98
1.0
0.88
0.76
0.83
0.87
0.95
0.96
0.96
0.94
0.92
0.97
1.0
0.96
0.99
0.96
0.99
1.0
0.96
0.94
0.92
0.94
0.99
0.97
0.95
0.99
0.98
0.96
0.92
0.97
0.92
0.93
0.94
0.95
1.0
0.95
0.97
0.87
0.82
0.92
0.92
0.88
0.83
0.93
0.88
0.88
0.98
0.99
0.97
0.94
0.95
0.91
0.96
0.84
0.89
0.88
0.94
0.93
0.93
0.96
0.89
0.89
0.89
0.96
0.92
0.89
0.74
0.96
0.95
0.97
0.9
0.89
0.9
0.89
0.96
0.98
0.93
0.94
0.97
0.99
0.96
0.96
0.95
1.0
0.94
0.91
0.98
0.9
0.92
0.99
0.96
0.97
0.94
0.88
0.88
0.88
0.99
0.93
0.87
0.94
0.97
0.97
0.88
0.93
0.93
0.96
0.98
0.98
1.0
0.91
0.9
1.0
0.98
0.99
1.0
0.99
0.97
0.96
0.98
0.85
0.85
0.92
0.93
0.97
0.94
0.97
0.96
0.93
0.93
0.9
0.91
0.91
0.94
0.91
0.85
0.86
0.87
0.88
0.95
0.98
0.9
0.97
0.93
0.91
0.91
1.0
0.98
0.98
0.99
0.95
1.0
0.97
0.92
0.93
0.96
0.9
0.95
0.92
0.93
0.95
0.98
0.93
0.95
0.94
0.92
0.9
0.91
0.94
0.95
0.94
0.95
0.96
0.97
0.96
0.94
0.95
0.89
0.9
0.98
0.95
0.98
0.92
0.96
0.95
0.95
0.9
0.93
0.98
0.95
0.95
0.93
0.97
0.83
0.92
0.88
0.88
1.0
0.96
0.93
0.92
0.94
0.97
0.93
0.9
0.91
0.94
1.0
0.89
0.88
0.99
0.89
0.88
0.91
0.97
0.93
0.96
0.94
0.9
0.97
0.97
0.96
0.95
0.94
0.94
0.9
0.93
0.95
0.82
0.99
0.96
0.97
0.98
0.9
0.89
0.96
0.9
0.89
0.98
0.96
0.97
0.91
0.94
0.93
0.92
0.95
0.93
1.0
0.91
0.98
0.95
0.98
0.98
0.9
0.88
0.93
0.93
0.93
0.97
0.96
0.82
0.9
1.0
0.93
0.94
0.9
0.87
0.95
0.92
0.85
0.93
0.94
0.94
0.98
0.94
0.91
0.91
0.98
0.99
0.93
1.0
0.91
0.99
0.95
0.96
0.94
0.98
0.96
1.0
0.98
0.95
0.93
0.9
0.82
0.97
0.88
0.87
0.85
0.9
0.92
0.94
0.95
0.96
0.99
0.92
0.96
1.0
0.99
0.96
0.96
0.93
0.92
0.97
0.97
0.93
0.94
0.89
0.95
0.96
0.91
0.91
0.92
0.9
0.91
0.92
0.89
0.89
1.0
0.97
0.88
0.98
0.95
0.94
0.99
0.9
0.89
0.97
0.98
0.98
1.0
0.92
0.97
0.95
0.88
1.0
0.87
0.92
0.94
0.82
0.98
0.98
0.98
0.98
0.91
0.9
0.75
0.82
0.89
0.88
0.92
0.91
0.95
0.94
0.96
0.94
0.9
0.94
0.97
0.99
0.97
1.0
0.95
1.0
0.97
0.9
0.95
0.87
0.87
0.96
0.99
0.98
0.91
0.94
0.97
0.93
0.99
0.97
0.76
0.85
0.96
0.96
0.91
0.94
0.91
0.95
0.95
0.99
0.9
0.87
0.95
0.88
0.94
0.98
1.0
0.93
0.97
0.94
0.87
0.97
0.91
1.0
1.0
0.99
0.96
0.98
0.92
0.87
0.98
0.95
0.86
0.75
0.84
1.0
0.96
0.96
0.96
0.98
0.95
0.98
0.92
0.97
0.93
0.91
0.98
0.98
0.91
0.96
0.98
0.93
0.9
0.89
0.96
0.94
1.0
0.94
0.97
0.96
0.92
0.98
0.89
0.94
0.82
0.86
0.82
0.94
0.93
0.96
0.92
0.98
0.93
0.98
0.89
0.97
0.91
0.91
1.0
0.98
0.96
0.96
0.9
0.99
0.95
0.84
0.92
1.0
0.92
0.94
0.97
0.95
0.94
0.94
0.89
0.98
0.91
0.89
0.87
0.88
0.91
0.93
0.98
0.99
0.94
0.99
0.92
0.97
0.96
0.98
0.95
0.97
0.99
0.93
0.91
0.95
0.92
0.95
0.86
0.93
0.98
1.0
0.97
0.97
0.86
0.92
0.96
0.96
0.82
0.83
0.89
0.91
0.86
0.95
0.93
0.97
0.95
0.88
0.98
0.92
0.9
0.95
0.97
0.99
0.98
0.94
0.93
0.97
0.89
0.86
0.97
0.98
0.89
0.94
0.85
0.96
0.96
1.0
0.9
0.94
0.78
0.91
0.89
0.91
0.92
0.98
0.95
0.93
0.94
0.94
0.93
0.97
0.93
0.88
0.96
0.9
0.84
0.93
0.95
0.99
0.95
0.96
0.88
0.96
0.99
0.93
0.87
0.97
0.98
0.93
0.98
0.97
0.98
0.91
0.92
0.9
0.9
0.96
0.89
0.94
0.93
0.98
0.93
0.95
0.88
0.91
0.9
0.93
0.87
0.88
0.98
0.95
0.93
0.87
0.87
0.98
0.97
0.9
0.9
0.84
0.89
0.92
0.92
0.94
0.95
0.92
0.92
0.99
0.94
0.84
0.95
0.92
0.91
0.95
0.97
0.91
0.83
0.9
0.93
0.98
0.9
1.0
0.97
0.96
0.98
0.9
0.94
0.98
0.99
0.98
0.83
0.87
0.93
0.94
0.97
0.97
0.93
0.89
0.98
0.99
0.97
0.9
0.94
0.84
0.92
0.99
0.97
0.98
0.91
0.93
0.96
0.97
0.96
0.95
0.98
0.89
0.98
0.94
0.96
0.99
0.98
0.96
0.94
0.89
0.98
0.99
0.95
0.94
0.86
0.87
0.94
0.89
0.99
0.9
0.9
0.95
0.97
1.0
1.0
0.96
0.95
0.98
0.97
0.94
0.91
0.98
0.93
0.92
0.92
0.91
0.98
0.89
0.99
0.86
0.98
0.99
0.96
0.99
0.96
0.94
1.0
0.98
0.9
0.96
1.0
0.92
0.98
0.97
0.98
0.96
0.99
0.99
0.98
0.97
0.89
0.91
0.95
0.93
0.89
0.99
0.98
0.97
0.93
0.94
0.98
0.98
0.93
0.92
0.91
0.99
0.97
0.95
0.95
0.83
0.94
0.97
0.96
0.98
0.93
0.94
0.96
0.93
0.94
0.87
0.98
0.98
0.91
0.97
0.96
0.87
0.87
0.97
0.95
0.96
0.88
0.98
0.93
0.95
0.96
0.84
0.94
0.98
0.88
0.98
0.95
0.93
0.92
0.98
1.0
0.95
0.96
0.99
0.94
0.95
0.88
0.87
0.92
0.92
0.96
0.92
0.98
0.93
0.97
0.97
0.91
0.96
0.89
0.97
0.91
0.92
0.96
0.94
0.94
0.93
0.95
0.96
0.97
0.87
0.92
0.95
0.96
0.94
1.0
0.95
0.93
0.93
0.92
0.9
0.98
0.96
0.94
1.0
0.97
0.95
0.97
0.96
0.95
0.91
0.89
0.99
0.9
0.95
0.97
0.96
0.98
0.97
0.92
0.9
0.91
0.94
0.91
0.81
0.98
0.86
0.95
0.91
0.94
0.96
0.91
0.94
0.95
0.92
0.96
0.97
0.96
0.9
0.96
0.92
0.86
0.89
0.9
0.94
0.84
0.87
0.88
0.87
0.86
0.93
0.85
0.83
0.69
0.84
0.97
0.82
0.88
0.91
0.95
0.83
0.83
0.89
0.9
0.89
0.95
0.93
0.94
0.94
0.76
0.73
0.77
0.85
0.77
0.96
0.94
0.95
0.8
0.86
0.84
0.81
0.75
0.85
0.83
0.71
0.69

7
8
8
6
7
7
7
7
7
6
6
7
8
8
8
8
8
8
8
9
9
8
7
6
7
8
8
8
7
7
8
7
8
8
7
7
7
7
8
7
7
7
7
7
7
7
7
7
8
8
7
8
8
7
7
7
7
8
8
7
7
8
7
8
7
7
7
7
7
7
8
8
7
7
6
6
6
5
7
8
8
8
7
7
8
8
7
8
8
9
8
7
8
8
8
8
8
8
6
7
7
7
8
7
6
6
5
4
6
6
7
7
7
8
7
7
8
8
8
9
9
8
8
9
8
8
7
8
8
8
8
8
7
7
7
8
7
6
6
6
6
5
6
5
6
7
8
7
7
8
7
8
8
9
8
9
8
8
8
8
7
7
8
9
7
8
8
7
7
7
6
7
6
6
6
6
6
7
8
8
8
8
8
8
7
9
9
9
8
8
9
8
7
8
8
9
9
8
7
6
6
6
6
7
6
7
7
6
5
6
7
7
8
8
8
8
7
8
8
8
8
7
8
8
8
7
8
9
8
7
6
6
5
6
7
7
7
8
7
6
6
6
7
7
8
9
9
9
8
8
6
7
6
7
8
8
8
8
9
9
8
8
7
6
5
6
7
8
8
8
7
7
7
7
6
7
8
9
9
9
8
7
7
7
6
7
7
7
8
8
8
8
8
7
7
6
6
6
7
8
8
8
7
7
7
7
7
8
8
8
8
8
8
7
8
8
7
7
8
8
8
6
8
8
8
7
6
7
8
7
8
8
8
8
6
7
8
8
7
8
8
7
7
7
8
8
8
8
7
8
8
7
8
7
8
8
7
7
7
7
8
8
7
7
7
7
6
6
7
7
7
7
7
7
6
6
7
8
8
8
7
8
7
6
9
8
7
8
8
8
8
7
8
9
8
7
7
6
6
5
6
6
6
7
6
6
6
7
8
8
8
7
7
7
7
7
8
8
7
7
8
9
9
8
8
8
8
7
7
5
4
4
4
5
6
6
6
5
5
7
8
8
8
8
8
8
8
7
7
8
8
7
8
9
8
8
8
8
8
7
6
4
2
0
1
4
5
6
6
5
4
5
7
8
8
8
8
8
9
9
8
8
9
8
8
8
8
9
9
9
8
6
6
3
0
1
0
3
5
7
6
6
5
6
7
8
7
8
8
8
8
9
8
8
8
8
8
7
7
8
8
8
8
7
6
4
2
0
2
4
5
7
7
7
6
6
7
7
7
8
9
8
8
9
9
9
8
7
8
7
6
8
8
9
8
8
7
5
4
3
4
5
6
7
8
7
7
7
7
7
7
8
9
9
8
9
8
9
8
8
8
7
7
8
7
9
8
8
7
6
5
5
5
6
6
7
8
8
8
7
7
7
8
8
9
9
8
8
9
9
9
8
8
7
8
8
7
8
8
8
6
6
6
6
7
6
7
8
8
8
7
7
7
7
7
8
8
8
8
9
9
9
9
9
8
8
8
8
8
7
7
8
7
7
6
7
7
6
7
8
8
7
7
7
7
7
7
8
7
8
8
8
9
8
8
9
8
9
9
8
7
7
7
7
8
8
7
8
7
6
7
7
8
8
7
7
7
7
7
8
8
7
7
7
8
8
8
9
8
9
9
8
7
7
7
8
9
9
8
7
6
5
6
7
7
7
6
6
6
7
7
8
8
8
7
6
7
7
7
8
9
8
8
8
7
7
8
9
9
9
8
7
6
6
6
7
7
7
6
4
4
7
7
7
8
8
7
7
6
6
7
7
9
9
8
7
6
6
7
8
9
9
8
7
6
6
7
6
6
6
6
5
5
6
6
6
7
7
7
8
6
6
7
7
8
8
8
6
6
6
7
8
8
9
8
7
7
7
6
6
6
5
6
6
5
5
6
5
5
5
6
7
6
6
6
7
8
8
8
7
7
7
7
7
8
8
8
8
8
7
6
6
6
4
5
6
6
6
7
6
6
6
5
7
7
7
7
7
7
8
7
8
8
8
8
7
8
8
7
8
8
8
7
7
6
6
6
7
7
7
7
7
7
7
6
7
6
7
7
6
7
8
8
9
9
8
8
8
8
8
7
7
8
8
8
8
7
7
6
7
7
7
8
8
7
7
7
7
7
8
7
7
8
8
8
9
8
8
8
7
7
7
7
7
8
8
8
8
8
7
6
7
8
7
7
7
7
8
8
8
7
8
9
8
8
8
8
8
7
7
8
8
8
7
7
8
9
9
9
9
9
8
7
8
9
8
8
8
8
8
9
9
8
8
9
9
8
8
8
8
8
8
8
8
8
8
8
9
9
10
10
10
8
8
7
9
9
9
9
8
7
8
9
9
