0.68
0.77
0.77
1.0
0.87
0.42
0.63
0.31
1.0
0.78
0.8
0.64
0.78
0.64
0.56
0.31
0.77
0.7
0.56
0.63
0.48
0.45
0.37
0.48
0.59
0.49
0.56
0.47
0.36
0.46
0.31
0.39
0.72
0.44
0.47
0.48
0.5
0.38
0.3
0.23
0.47
0.44
0.24
0.37
0.43
0.44
0.3
0.29
0.48
0.55
0.47
0.48
0.39
0.37
0.48
0.28
0.32
0.29
0.5
0.39
0.33
0.38
0.41
0.3
0.39
0.6
0.24
0.37
0.38
0.28
0.24
0.3
0.21
0.57
0.39
0.27
0.31
0.23
0.31
0.34
0.3
0.47
0.25
0.23
0.34
0.31
0.21
0.26
0.17
0.47
0.3
0.2
0.35
0.27
0.3
0.22
0.34
0.42
0.3
0.26
0.26
0.32
0.26
0.12
0.29
0.2
0.36
0.35
0.45
0.25
0.23
0.18
0.4
0.27
0.31
0.35
0.3
0.38
0.32
0.27
0.28
0.32
0.31
0.26
0.38
0.26
0.29
0.32
0.3
0.3
0.19
0.25
0.29
0.16
0.17
0.12
0.29
0.46
0.23
0.31
0.28
0.24
0.23
0.28
0.24
0.24
0.3
0.25
0.28
0.26
0.24
0.33
0.21
0.29
0.18
0.34
0.28
0.16
0.21
0.19
0.12
0.18
0.3
0.2
0.3
0.22
0.3
0.23
0.33
0.12
0.2
0.27
0.22
0.21
0.2
0.09
0.21
0.18
0.27
0.14
0.29
0.12
0.1
0.22
0.36
0.29
0.09
0.22
0.19
0.2
0.28
0.21
0.18
0.3
0.32
0.33
0.2
0.2
0.12
0.19
0.29
0.3
0.24
0.18
0.32
0.16
0.18
0.28
0.28
0.31
0.33
0.25
0.2
0.23
0.18
0.25
0.12
0.22
0.13
0.16
0.26
0.08
0.17
0.3
0.22
0.28
0.27
0.15
0.17
0.35
0.28
0.26
0.25
0.14
0.26
0.18
0.25
0.31
0.24
0.19
0.22
0.15
0.16
0.15
0.3
0.13
0.25
0.22
0.21
0.22
0.17
0.25
0.18
0.19
0.12
0.15
0.15
0.39
0.3
0.22
0.22
0.25
0.2
0.28
0.34
0.22
0.22
0.19
0.16
0.16
0.16
0.24
0.28
0.27
0.17
0.27
0.17
0.26
0.27
0.31
0.22
0.18
0.23
0.18
0.2
0.25
0.19
0.19
0.24
0.13
0.17
0.25
0.27
0.28
0.16
0.25
0.28
0.18
0.21
0.24
0.22
0.2
0.21
0.17
0.27
0.14
0.23
0.23
0.27
0.23
0.11
0.19
0.2
0.17
0.21
0.15
0.2
0.16
0.14
0.1
0.12
0.12
0.24
0.23
0.27
0.16
0.14
0.19
0.15
0.23
0.23
0.32
0.26
0.17
0.13
0.21
0.15
0.18
0.18
0.22
0.24
0.11
0.06
0.19
0.21
0.23
0.18
0.13
0.15
0.2
0.15
0.17
0.09
0.14
0.27
0.09
0.11
0.16
0.11
0.12
0.3
0.15
0.13
0.1
0.13
0.18
0.17
0.07
0.19
0.2
0.16
0.16
0.14
0.22
0.11
0.22
0.13
0.2
0.22
0.08
0.28
0.15
0.08
0.2
0.25
0.33
0.11
0.22
0.19
0.14
0.19
0.2
0.18
0.13
0.17
0.21
0.14
0.18
0.22
0.21
0.16
0.13
0.26
0.31
0.18
0.22
0.13
0.08
0.18
0.13
0.15
0.16
0.1
0.18
0.09
0.09
0.28
0.13
0.31
0.08
0.07
0.04
0.21
0.17
0.19
0.15
0.18
0.19
0.21
0.1
0.15
0.21
0.25
0.15
0.04
0.17
0.17
0.15
0.2
0.19
0.2
0.23
0.13
0.3
0.22
0.09
0.11
0.12
0.15
0.18
0.12
0.27
0.11
0.17
0.17
0.25
0.2
0.18
0.13
0.17
0.12
0.09
0.16
0.09
0.18
0.17
0.2
0.07
0.31
0.1
0.1
0.27
0.08
0.18
0.13
0.24
0.12
0.17
0.17
0.13
0.22
0.16
0.14
0.17
0.12
0.12
0.04
0.17
0.18
0.14
0.17
0.25
0.24
0.19
0.13
0.11
0.24
0.21
0.12
0.11
0.11
0.17
0.12
0.13
0.2
0.18
0.09
0.31
0.2
0.15
0.15
0.22
0.16
0.15
0.12
0.06
0.15
0.07
0.26
0.17
0.12
0.05
0.16
0.14
0.2
0.23
0.2
0.12
0.25
0.16
0.13
0.17
0.09
0.15
0.11
0.2
0.09
0.18
0.23
0.21
0.2
0.1
0.2
0.07
0.12
0.09
0.11
0.14
0.06
0.15
0.1
0.19
0.13
0.09
0.16
0.16
0.24
0.17
0.26
0.21
0.11
0.21
0.12
0.11
0.14
0.14
0.09
0.08
0.1
0.23
0.14
0.09
0.1
0.09
0.1
0.11
0.22
0.18
0.15
0.15
0.12
0.12
0.06
0.09
0.12
0.18
0.21
0.13
0.16
0.16
0.15
0.12
0.1
0.2
0.05
0.23
0.14
0.12
0.11
0.09
0.16
0.17
0.25
0.16
0.3
0.08
0.08
0.05
0.21
0.23
0.14
0.14
0.11
0.16
0.05
0.07
0.09
0.14
0.12
0.13
0.15
0.24
0.15
0.16
0.16
0.15
0.14
0.19
0.08
0.15
0.18
0.16
0.21
0.12
0.11
0.18
0.09
0.17
0.12
0.21
0.15
0.15
0.17
0.26
0.13
0.27
0.14
0.19
0.1
0.21
0.21
0.16
0.1
0.24
0.09
0.16
0.09
0.15
0.12
0.12
0.21
0.18
0.18
0.09
0.08
0.07
0.16
0.13
0.12
0.11
0.24
0.25
0.16
0.07
0.19
0.1
0.12
0.08
0.11
0.16
0.08
0.15
0.05
0.1
0.08
0.1
0.18
0.07
0.18
0.15
0.1
0.15
0.16
0.22
0.21
0.18
0.1
0.2
0.18
0.14
0.09
0.17
0.06
0.1
0.1
0.09
0.13
0.04
0.2
0.21
0.2
0.06
0.09
0.14
0.04
0.03
0.15
0.13
0.16
0.09
0.07
0.09
0.23
0.22
0.2
0.08
0.16
0.09
0.08
0.21
0.25
0.14
0.24
0.17
0.12
0.15
0.22
0.18
0.16
0.14
0.16
0.08
0.06
0.15
0.04
0.1
0.24
0.11
0.14
0.2
0.11
0.15
0.13
0.07
0.15
0.05
0.25
0.12
0.09
0.18
0.11
0.12
0.08
0.12
0.15
0.13
0.11
0.13
0.12
0.1
0.04
0.12
0.03
0.14
0.09
0.22
0.06
0.12
0.11
0.18
0.12
0.06
0.17
0.12
0.09
0.17
0.19
0.11
0.16
0.06
0.15
0.11
0.13
0.1
0.11
0.18
0.09
0.08
0.15
0.1
0.14
0.14
0.14
0.15
0.3
0.05
0.25
0.16
0.09
0.19
0.06
0.08
0.09
0.07
0.06
0.12
0.17
0.15
0.07
0.22
0.16
0.14
0.14
0.14
0.13
0.16
0.05
0.16
0.25
0.17
0.16
0.26
0.11
0.09
0.18
0.1
0.1
0.16
0.13
0.12
0.16
0.15
0.02
0.1
0.24
0.18
0.17
0.17
0.07
0.14
0.22
0.02
0.06
0.09
0.15
0.07
0.22
0.12
0.18
0.06
0.1
0.14
0.16
0.19
0.13
0.08
0.1
0.16
0.04
0.22
0.03
0.09
0.27
0.08
0.11
0.15
0.17
0.21
0.07
0.07
0.07
0.06
0.09
0.1
0.17
0.07
0.11
0.13
0.19
0.23
0.11
0.17
0.06
0.16
0.16
0.11
0.11
0.13
0.18
0.19
0.08
0.15
0.17
0.15
0.15
0.08
0.12
0.18
0.18
0.04
0.06
0.08
0.1
0.07
0.14
0.07
0.11
0.08
0.12
0.2
0.07
0.23
0.1
0.08
0.19
0.16
0.2
0.16
0.13
0.08
0.08
0.21
0.11
0.26
0.03
0.08
0.03
0.07
0.13
0.05
0.1
0.13
0.16
0.05
0.1
0.07
0.09
0.13
0.2
0.14
0.12
0.07
0.11
0.06
0.13
0.2
0.18
0.08
0.23
0.08
0.2
0.11
0.05
0.14
0.1
0.09
0.11
0.1
0.04
0.1
0.08
0.19
0.1
0.13
0.08
0.16
0.13
0.13
0.13
0.09
0.11
0.12
0.16
0.17
0.14
0.03
0.06
0.15
0.21
0.17
0.21
0.07
0.07
0.12
0.12
0.17
0.08
0.11
0.03
0.13

5
5
4
0
3
5
5
4
0
4
4
5
4
4
4
5
4
5
5
5
6
4
6
5
5
4
6
6
6
5
5
5
5
6
6
5
6
3
5
4
5
5
6
6
5
3
5
6
6
6
6
4
4
5
4
7
6
6
5
5
5
4
4
7
5
4
6
6
5
6
6
6
5
4
5
5
6
4
5
3
6
5
6
7
7
5
6
4
7
6
6
7
3
3
4
7
5
4
4
6
3
6
6
7
6
4
6
4
5
3
5
6
5
6
3
4
5
4
5
4
6
3
6
3
6
4
5
6
3
6
6
6
3
7
7
7
5
6
5
7
5
5
7
5
6
5
4
5
6
6
5
5
5
7
6
6
5
4
6
6
7
5
3
5
6
5
5
7
6
6
6
6
3
7
5
8
5
7
5
7
4
5
8
6
6
6
6
6
7
5
5
6
5
5
4
5
7
5
5
5
5
6
7
6
3
7
6
5
5
4
3
4
5
3
7
6
6
4
6
6
5
5
7
3
5
6
5
6
6
6
5
4
4
6
7
5
7
4
7
6
5
5
6
5
6
7
6
6
7
6
7
5
6
2
7
6
6
4
6
5
6
7
6
6
4
3
6
7
6
5
4
6
6
5
7
6
6
6
4
6
7
6
5
5
5
5
6
1
5
7
6
4
6
3
7
5
6
7
6
7
3
6
4
7
3
4
6
5
4
5
7
8
5
6
7
6
7
6
5
6
6
7
6
5
6
7
6
6
6
5
6
5
7
5
6
5
5
5
7
5
4
6
7
5
6
4
6
3
6
6
6
8
6
7
5
5
7
6
6
6
3
7
6
7
6
5
6
7
7
5
6
6
8
6
6
3
6
2
5
8
7
6
7
6
4
4
4
6
4
7
5
7
5
2
5
2
5
6
2
6
7
5
3
7
6
6
3
5
6
6
7
8
6
2
8
7
6
8
3
5
5
8
4
6
7
5
6
5
6
7
6
4
2
7
11
6
5
7
5
5
7
5
7
3
5
6
6
5
5
7
4
6
7
6
5
7
6
5
7
6
6
9
5
5
5
6
7
5
4
5
8
5
6
5
4
4
7
5
4
8
8
7
5
6
7
5
5
5
5
7
5
6
4
6
4
7
5
6
6
6
4
3
6
2
7
6
6
4
6
6
5
6
8
6
6
6
6
9
5
5
6
8
6
6
4
3
7
5
3
6
8
6
7
5
5
6
7
5
7
4
3
7
6
4
6
6
6
6
7
5
5
2
5
6
6
6
4
4
6
7
4
4
5
7
7
7
6
6
5
2
6
5
6
9
7
5
5
6
7
5
5
6
11
8
4
6
6
5
6
4
6
6
4
5
6
2
8
4
7
10
6
6
5
6
5
5
8
7
5
6
7
7
6
4
6
6
7
5
7
7
7
4
4
6
7
5
7
6
4
6
5
3
5
7
6
6
5
8
7
5
6
3
4
6
6
2
3
5
6
5
6
6
6
2
2
7
7
8
2
7
6
5
6
7
7
9
7
4
5
5
6
6
4
6
2
8
7
4
6
6
10
6
6
7
6
5
7
6
6
7
6
4
6
6
7
5
6
6
6
6
6
6
8
4
6
6
6
7
4
5
6
6
5
7
4
7
6
7
7
4
8
7
7
5
5
4
6
6
5
4
6
5
5
6
5
4
6
5
6
6
6
6
7
4
6
4
2
6
4
5
7
6
5
6
6
6
6
7
5
3
7
5
6
4
6
9
6
8
7
6
8
10
3
7
8
3
6
6
5
6
8
6
7
6
6
7
4
7
5
7
6
6
8
7
8
4
7
4
6
5
9
7
7
3
3
9
5
8
7
5
7
7
6
7
5
8
5
6
7
5
6
7
7
5
6
4
6
5
5
5
8
3
9
4
2
7
7
6
8
6
6
7
8
7
3
5
5
4
8
5
4
6
7
4
6
7
5
6
7
5
7
5
5
4
4
8
6
6
8
5
12
7
5
8
7
6
2
6
6
6
10
5
3
7
2
4
6
7
6
4
6
7
5
3
5
7
6
5
6
6
4
6
6
5
5
6
5
5
6
3
5
7
5
7
6
8
6
5
6
4
6
3
6
6
2
7
5
4
5
9
4
2
7
6
5
6
9
8
3
10
5
5
6
6
8
6
8
5
6
5
6
7
6
7
5
6
6
8
1
6
5
7
5
7
5
7
5
8
7
6
7
5
7
4
5
6
7
5
7
6
5
6
4
7
6
6
6
7
6
4
3
4
7
6
7
2
8
7
6
7
