0.72
0.75
0.79
1.0
0.82
0.41
0.71
0.39
1.0
0.7
0.79
0.62
0.77
0.59
0.46
0.29
0.78
0.73
0.52
0.58
0.32
0.38
0.5
0.39
0.49
0.5
0.52
0.48
0.34
0.46
0.31
0.29
0.73
0.52
0.52
0.38
0.53
0.32
0.26
0.29
0.42
0.51
0.42
0.37
0.54
0.23
0.22
0.33
0.47
0.41
0.4
0.52
0.38
0.24
0.39
0.26
0.34
0.32
0.48
0.41
0.29
0.32
0.3
0.25
0.34
0.6
0.24
0.35
0.42
0.27
0.19
0.21
0.19
0.49
0.38
0.31
0.31
0.15
0.25
0.37
0.31
0.56
0.27
0.15
0.4
0.33
0.24
0.31
0.21
0.42
0.33
0.14
0.26
0.26
0.38
0.23
0.45
0.36
0.36
0.3
0.27
0.27
0.28
0.14
0.36
0.3
0.3
0.35
0.41
0.25
0.23
0.14
0.36
0.24
0.31
0.33
0.36
0.44
0.35
0.24
0.29
0.29
0.3
0.36
0.36
0.24
0.26
0.32
0.29
0.31
0.34
0.17
0.3
0.17
0.19
0.17
0.31
0.43
0.21
0.32
0.27
0.22
0.27
0.26
0.41
0.29
0.28
0.22
0.26
0.2
0.35
0.26
0.22
0.22
0.16
0.35
0.25
0.23
0.22
0.27
0.18
0.29
0.28
0.14
0.31
0.19
0.31
0.19
0.26
0.14
0.15
0.32
0.16
0.2
0.17
0.18
0.29
0.3
0.31
0.19
0.31
0.18
0.2
0.2
0.21
0.27
0.17
0.14
0.25
0.3
0.18
0.16
0.25
0.34
0.22
0.32
0.24
0.21
0.15
0.22
0.28
0.29
0.29
0.26
0.2
0.21
0.23
0.24
0.27
0.24
0.29
0.24
0.4
0.18
0.14
0.24
0.14
0.29
0.14
0.14
0.22
0.15
0.17
0.26
0.17
0.22
0.26
0.21
0.26
0.27
0.26
0.19
0.2
0.13
0.22
0.2
0.25
0.3
0.33
0.14
0.18
0.19
0.09
0.17
0.32
0.19
0.21
0.22
0.21
0.18
0.17
0.17
0.22
0.15
0.13
0.08
0.18
0.4
0.2
0.3
0.2
0.2
0.17
0.27
0.34
0.25
0.16
0.14
0.23
0.17
0.19
0.13
0.21
0.23
0.2
0.21
0.15
0.19
0.21
0.28
0.13
0.27
0.26
0.21
0.23
0.23
0.19
0.17
0.23
0.11
0.23
0.16
0.19
0.26
0.13
0.2
0.24
0.19
0.23
0.15
0.14
0.19
0.21
0.2
0.27
0.15
0.17
0.21
0.23
0.23
0.11
0.26
0.21
0.23
0.27
0.16
0.16
0.1
0.13
0.13
0.25
0.19
0.26
0.24
0.3
0.19
0.16
0.18
0.16
0.26
0.27
0.18
0.2
0.19
0.18
0.19
0.15
0.25
0.14
0.17
0.28
0.09
0.18
0.21
0.26
0.2
0.15
0.23
0.21
0.19
0.12
0.16
0.19
0.21
0.13
0.14
0.09
0.16
0.08
0.12
0.25
0.14
0.15
0.17
0.13
0.12
0.16
0.13
0.15
0.15
0.2
0.16
0.21
0.21
0.05
0.19
0.21
0.21
0.15
0.15
0.19
0.25
0.16
0.3
0.26
0.24
0.11
0.14
0.14
0.19
0.13
0.2
0.1
0.24
0.11
0.23
0.12
0.13
0.15
0.18
0.2
0.08
0.16
0.35
0.17
0.13
0.16
0.04
0.21
0.14
0.2
0.14
0.07
0.26
0.14
0.13
0.21
0.08
0.16
0.07
0.11
0.09
0.16
0.2
0.11
0.21
0.11
0.16
0.14
0.14
0.12
0.23
0.19
0.17
0.13
0.08
0.21
0.18
0.13
0.23
0.17
0.19
0.17
0.25
0.13
0.12
0.12
0.08
0.19
0.16
0.11
0.23
0.14
0.11
0.14
0.14
0.17
0.17
0.1
0.18
0.25
0.06
0.26
0.07
0.13
0.14
0.2
0.14
0.24
0.11
0.13
0.14
0.12
0.2
0.15
0.24
0.13
0.2
0.17
0.15
0.07
0.22
0.08
0.2
0.11
0.15
0.1
0.14
0.17
0.13
0.11
0.22
0.36
0.25
0.16
0.13
0.08
0.15
0.16
0.12
0.23
0.2
0.1
0.21
0.22
0.15
0.1
0.26
0.21
0.12
0.1
0.18
0.15
0.14
0.08
0.11
0.16
0.08
0.16
0.23
0.11
0.07
0.13
0.14
0.21
0.21
0.24
0.15
0.27
0.19
0.14
0.18
0.17
0.16
0.16
0.18
0.11
0.08
0.24
0.19
0.24
0.13
0.14
0.06
0.13
0.17
0.12
0.12
0.1
0.15
0.11
0.17
0.18
0.13
0.17
0.1
0.2
0.21
0.19
0.1
0.2
0.22
0.09
0.17
0.12
0.09
0.11
0.14
0.14
0.19
0.11
0.12
0.11
0.1
0.13
0.12
0.19
0.09
0.09
0.16
0.12
0.14
0.15
0.11
0.13
0.17
0.17
0.25
0.17
0.23
0.07
0.17
0.18
0.16
0.05
0.24
0.1
0.1
0.11
0.07
0.2
0.24
0.17
0.11
0.12
0.1
0.06
0.08
0.17
0.22
0.18
0.15
0.09
0.18
0.11
0.06
0.1
0.23
0.11
0.13
0.17
0.24
0.07
0.12
0.22
0.15
0.1
0.22
0.16
0.14
0.21
0.26
0.19
0.15
0.04
0.15
0.06
0.16
0.1
0.21
0.14
0.1
0.24
0.23
0.09
0.2
0.2
0.13
0.12
0.18
0.24
0.06
0.13
0.19
0.09
0.17
0.1
0.17
0.18
0.08
0.15
0.12
0.14
0.15
0.1
0.05
0.15
0.14
0.08
0.17
0.19
0.13
0.21
0.12
0.21
0.15
0.1
0.16
0.08
0.12
0.1
0.08
0.13
0.14
0.15
0.12
0.12
0.13
0.2
0.2
0.14
0.04
0.18
0.17
0.13
0.18
0.15
0.17
0.23
0.13
0.17
0.25
0.09
0.11
0.08
0.09
0.08
0.06
0.16
0.23
0.2
0.03
0.08
0.11
0.06
0.05
0.13
0.05
0.13
0.08
0.08
0.04
0.22
0.24
0.14
0.06
0.12
0.11
0.07
0.2
0.17
0.13
0.12
0.12
0.12
0.16
0.23
0.12
0.14
0.06
0.17
0.11
0.07
0.19
0.11
0.1
0.22
0.14
0.15
0.17
0.14
0.15
0.07
0.12
0.14
0.07
0.19
0.1
0.1
0.18
0.17
0.15
0.05
0.24
0.15
0.02
0.1
0.07
0.09
0.11
0.07
0.07
0.12
0.08
0.05
0.14
0.12
0.13
0.2
0.11
0.11
0.09
0.19
0.13
0.12
0.19
0.19
0.18
0.1
0.09
0.12
0.22
0.11
0.14
0.08
0.2
0.08
0.11
0.16
0.21
0.14
0.17
0.17
0.12
0.19
0.08
0.15
0.14
0.08
0.12
0.07
0.12
0.12
0.04
0.07
0.22
0.12
0.21
0.1
0.14
0.22
0.12
0.16
0.13
0.18
0.11
0.04
0.16
0.12
0.18
0.17
0.22
0.06
0.17
0.21
0.14
0.11
0.1
0.11
0.12
0.17
0.2
0.07
0.13
0.13
0.12
0.15
0.23
0.06
0.07
0.21
0.07
0.07
0.11
0.12
0.1
0.13
0.09
0.1
0.1
0.08
0.22
0.18
0.24
0.27
0.06
0.13
0.12
0.15
0.14
0.08
0.08
0.22
0.12
0.08
0.1
0.25
0.08
0.13
0.06
0.08
0.13
0.06
0.11
0.17
0.15
0.15
0.09
0.08
0.22
0.12
0.12
0.1
0.17
0.16
0.04
0.14
0.07
0.16
0.13
0.08
0.13
0.19
0.15
0.19
0.06
0.11
0.17
0.17
0.05
0.07
0.08
0.13
0.06
0.2
0.04
0.05
0.08
0.08
0.2
0.13
0.17
0.12
0.03
0.21
0.15
0.22
0.14
0.05
0.07
0.18
0.14
0.07
0.24
0.05
0.13
0.05
0.14
0.18
0.04
0.07
0.17
0.08
0.05
0.05
0.05
0.13
0.03
0.16
0.15
0.14
0.06
0.11
0.05
0.14
0.14
0.17
0.07
0.16
0.1
0.21
0.11
0.07
0.09
0.05
0.02
0.13
0.11
0.03
0.06
0.09
0.13
0.08
0.12
0.06
0.09
0.14
0.13
0.22
0.07
0.17
0.17
0.19
0.1
0.15
0.04
0.18
0.11
0.17
0.19
0.19
0.12
0.11
0.08
0.17
0.21
0.13
0.19
0.11
0.1

4
5
4
0
3
5
4
5
0
3
4
5
4
4
4
5
4
5
5
6
5
4
3
6
6
4
5
5
5
5
4
6
4
5
4
5
5
4
5
4
5
6
5
5
4
4
5
4
6
5
5
5
4
6
4
7
6
7
5
6
5
4
4
6
6
4
6
6
5
5
7
6
4
3
6
6
7
6
5
4
5
5
5
6
5
4
5
4
8
5
6
7
3
3
3
5
6
5
5
6
3
6
6
7
7
4
6
3
5
2
5
6
6
5
2
4
5
4
5
4
4
4
5
4
5
3
4
5
3
6
6
5
3
7
6
5
5
5
6
5
5
5
7
5
6
7
4
5
5
4
6
6
5
4
6
5
4
4
6
5
6
7
2
5
5
5
5
6
6
5
7
6
3
6
7
6
5
6
5
7
5
6
7
5
6
6
7
6
6
5
5
6
6
6
3
5
5
6
7
5
6
6
6
6
5
6
6
5
5
4
3
5
4
4
6
6
5
6
7
6
6
5
7
3
5
6
5
5
6
7
6
2
1
6
7
5
5
4
5
6
6
7
8
5
5
6
8
6
5
4
8
6
6
1
7
5
6
4
5
5
5
6
6
6
3
3
5
7
4
5
5
7
4
5
6
7
7
5
3
6
5
6
5
6
6
6
6
1
3
6
5
5
6
4
5
5
6
6
5
6
4
5
2
6
5
5
7
5
3
5
6
6
6
5
6
7
7
8
6
7
4
7
5
2
6
7
7
5
6
5
6
6
5
6
5
4
6
4
7
7
4
7
6
6
5
4
6
3
7
6
5
5
6
4
5
6
8
6
7
6
4
6
5
5
7
7
4
6
5
6
5
5
5
6
6
3
8
2
7
6
7
5
6
6
4
2
4
5
4
6
6
5
5
2
6
3
6
6
4
5
6
6
4
6
5
4
4
8
5
6
5
8
7
3
6
6
6
7
5
5
6
7
5
7
4
5
7
5
5
6
8
4
3
7
7
5
5
5
6
4
8
5
6
3
4
6
6
6
4
6
6
5
5
6
5
5
6
5
6
5
6
7
5
7
6
6
7
6
4
7
5
5
6
5
4
4
7
4
5
5
5
5
5
5
6
8
7
7
6
6
5
5
3
6
6
5
3
6
5
6
3
4
5
3
5
4
8
5
5
3
7
6
6
5
6
5
6
6
4
3
6
7
5
4
5
3
6
4
3
5
6
7
7
5
7
4
4
7
5
5
3
6
6
6
8
7
6
7
7
5
7
2
6
7
5
7
6
6
5
5
6
3
8
6
6
5
6
6
5
4
7
6
7
7
6
6
4
6
9
6
5
6
7
5
7
6
4
5
7
4
6
5
4
6
7
4
5
4
7
5
6
7
4
6
6
7
6
7
5
5
8
5
7
5
5
7
7
5
7
7
4
3
6
7
6
6
6
5
5
6
5
2
6
7
5
7
6
6
5
5
6
3
2
5
6
1
2
4
7
5
4
8
5
3
4
5
5
6
3
6
6
7
5
5
6
5
6
2
4
5
6
6
6
5
2
7
5
6
6
7
7
7
5
6
5
7
6
4
6
6
5
5
5
5
5
5
5
6
5
7
6
6
10
5
6
6
4
6
3
7
7
6
6
6
6
9
7
4
5
7
7
7
6
5
7
7
5
6
6
4
6
6
6
6
5
5
6
5
6
5
4
4
8
5
5
6
3
6
5
5
6
5
7
6
6
7
6
6
6
3
4
5
7
5
6
5
5
10
7
7
8
7
7
6
5
2
7
7
5
7
6
6
6
5
6
5
3
6
7
5
6
5
6
6
6
2
11
6
5
5
7
5
4
4
3
6
4
5
6
6
8
6
4
9
5
6
5
6
8
5
5
7
9
5
7
4
7
6
4
6
6
2
7
6
3
5
7
5
7
6
6
6
7
6
3
6
5
4
5
9
4
6
6
4
7
4
4
6
7
6
6
5
4
3
6
4
5
6
7
5
5
6
6
6
6
6
3
6
6
7
9
5
6
7
3
6
7
9
5
5
6
4
7
2
6
7
6
6
4
5
7
6
4
6
6
6
4
5
5
8
8
5
5
6
5
7
8
6
8
6
8
3
4
8
3
5
6
3
6
7
4
2
6
5
7
6
8
6
3
7
4
6
5
7
5
6
5
4
6
5
5
7
7
5
4
4
5
9
3
6
4
8
5
4
5
6
7
6
5
6
5
5
8
5
8
6
8
4
6
7
4
5
6
6
5
10
6
7
5
5
4
5
6
8
5
2
7
6
5
3
