1.0
1.0
1.0
1.0
1.0
0.97
1.0
0.97
1.0
1.0
1.0
1.0
1.0
1.0
1.0
0.96
1.0
1.0
1.0
1.0
1.0
1.0
0.99
0.99
1.0
1.0
1.0
1.0
0.98
1.0
0.94
0.99
1.0
1.0
0.99
0.99
1.0
0.97
0.97
0.94
1.0
1.0
0.91
0.99
1.0
0.98
0.92
0.96
1.0
1.0
1.0
1.0
0.99
1.0
1.0
0.95
1.0
0.99
1.0
0.96
0.9
0.96
0.99
0.96
0.99
1.0
0.86
0.99
0.98
0.94
0.97
0.95
0.92
1.0
0.99
0.95
0.95
0.9
0.97
0.87
0.98
1.0
0.94
0.79
1.0
0.98
0.98
0.95
0.94
1.0
0.95
0.95
0.97
0.85
0.96
0.95
1.0
1.0
0.99
0.99
0.85
0.97
0.98
0.88
1.0
0.87
0.98
0.95
1.0
0.8
0.88
0.85
1.0
0.96
0.92
0.97
0.99
0.99
1.0
0.95
0.98
0.99
0.99
0.99
0.98
0.99
0.92
0.97
0.91
1.0
1.0
0.84
0.94
0.93
0.68
0.87
0.99
1.0
0.98
1.0
0.98
0.93
0.99
0.96
1.0
0.97
0.97
0.93
0.98
0.91
0.86
0.93
0.97
0.99
0.8
1.0
0.98
0.94
0.98
0.94
0.93
0.91
0.92
0.84
0.97
0.91
0.98
0.89
0.98
0.8
0.82
0.93
0.87
0.85
0.8
0.93
0.9
0.96
0.9
0.79
0.95
0.82
0.87
0.88
0.99
1.0
0.77
0.83
0.95
0.83
0.95
0.9
0.91
0.97
0.89
0.98
0.95
0.92
0.8
0.75
0.95
1.0
0.95
0.87
0.96
0.93
0.85
0.99
0.93
0.88
0.94
0.91
0.89
0.79
0.7
0.82
0.92
0.97
0.93
0.88
0.95
0.9
0.83
0.88
0.93
0.92
0.89
0.83
0.82
0.92
0.93
0.78
0.87
0.9
0.97
0.97
0.98
0.94
0.93
0.9
0.95
0.96
0.8
0.88
0.97
0.92
0.95
0.91
0.86
0.96
0.93
0.93
0.87
0.81
0.75
0.82
0.93
1.0
0.94
0.84
0.95
0.97
0.92
0.93
0.99
0.8
0.78
0.79
0.82
0.89
0.85
0.99
0.98
0.89
0.72
0.92
0.7
0.82
0.87
0.82
0.92
0.83
0.92
0.81
0.94
0.86
0.82
0.77
0.89
0.82
0.92
0.83
0.96
0.86
0.88
0.81
0.96
0.83
0.91
0.86
0.83
0.78
0.72
0.77
0.99
0.87
0.94
0.87
0.77
0.91
0.83
0.96
0.9
0.92
0.97
0.97
0.89
0.81
0.73
0.83
0.91
0.78
0.91
0.86
0.95
0.85
0.85
0.92
0.86
0.91
0.91
0.91
0.96
0.86
0.87
0.85
0.88
0.81
0.93
0.88
0.96
0.96
0.78
0.9
0.86
0.9
0.81
0.87
0.75
0.82
0.74
0.82
0.75
0.84
0.89
0.75
0.8
0.74
0.91
0.77
0.96
0.8
0.84
0.73
0.79
0.81
0.78
0.7
0.73
0.93
0.8
0.85
0.72
0.88
0.69
0.93
0.87
0.84
0.91
0.83
0.88
0.8
0.76
0.86
0.86
0.85
0.76
0.82
0.83
0.78
0.91
0.82
0.82
0.88
0.8
0.75
0.75
0.8
0.83
0.77
0.85
0.77
0.82
0.94
0.88
0.92
0.77
0.82
0.93
0.86
0.84
0.7
0.67
0.81
0.69
0.92
0.85
0.84
0.81
0.79
0.82
0.75
0.84
0.93
0.88
0.91
0.94
0.83
0.82
0.89
0.74
0.79
0.82
0.75
0.74
0.72
0.92
0.77
0.81
0.77
0.99
0.96
0.81
0.81
0.79
0.82
0.71
0.77
0.79
0.78
0.8
0.94
0.95
0.79
0.73
0.91
0.78
0.75
0.79
0.77
0.88
0.66
0.97
0.79
0.86
0.71
0.92
0.86
0.86
0.86
0.82
0.8
0.64
0.86
0.64
0.93
0.68
0.8
0.65
0.76
0.87
0.83
0.75
0.9
0.83
0.88
0.76
0.81
0.9
0.81
0.77
0.81
0.86
0.97
0.81
0.62
0.94
0.73
0.81
0.86
0.83
0.84
0.89
0.77
0.83
0.78
0.89
0.93
0.77
0.78
0.88
0.93
0.8
0.68
0.68
0.86
0.8
0.77
0.77
0.79
0.77
0.82
0.79
0.8
0.78
0.79
0.92
0.82
0.92
0.84
0.89
0.86
0.71
0.76
0.79
0.65
0.76
0.91
0.97
0.9
0.78
0.86
0.84
0.63
0.9
0.79
0.71
0.74
0.88
0.82
0.82
0.75
0.77
0.75
0.81
0.82
0.85
0.88
0.73
0.89
0.8
0.81
0.8
0.74
0.81
0.83
0.71
0.78
0.79
0.76
0.73
0.75
0.75
0.74
0.81
0.75
0.87
0.72
0.73
0.79
0.79
0.82
0.88
0.79
0.73
0.78
0.74
0.76
0.88
0.71
0.75
0.8
0.79
0.75
0.73
0.73
0.83
0.69
0.83
0.67
0.91
0.81
0.82
0.79
0.79
0.78
0.69
0.75
0.89
0.72
0.74
0.75
0.76
0.71
0.77
0.85
0.88
0.85
0.77
0.8
0.77
0.77
0.71
0.74
0.82
0.73
0.78
0.81
0.76
0.92
0.85
0.78
0.86
0.82
0.7
0.77
0.66
0.85
0.77
0.83
0.79
0.79
0.77
0.82
0.86
0.83
0.78
0.78
0.77
0.78
0.73
0.84
0.67
0.9
0.72
0.74
0.73
0.81
0.74
0.71
0.77
0.81
0.78
0.74
0.84
0.71
0.77
0.69
0.79
0.75
0.67
0.86
0.75
0.6
0.75
0.84
0.66
0.69
0.78
0.71
0.74
0.89
0.73
0.74
0.82
0.76
0.66
0.69
0.74
0.69
0.87
0.8
0.8
0.85
0.85
0.77
0.8
0.67
0.88
0.79
0.91
0.81
0.71
0.71
0.6
0.73
0.89
0.7
0.76
0.85
0.89
0.72
0.76
0.67
0.82
0.83
0.78
0.8
0.78
0.7
0.77
0.68
0.82
0.68
0.81
0.74
0.81
0.79
0.65
0.78
0.76
0.79
0.9
0.76
0.72
0.8
0.71
0.69
0.65
0.69
0.75
0.68
0.72
0.66
0.68
0.8
0.69
0.73
0.63
0.75
0.89
0.66
0.8
0.61
0.79
0.75
0.82
0.66
0.82
0.75
0.76
0.68
0.84
0.79
0.8
0.66
0.7
0.78
0.72
0.69
0.66
0.76
0.77
0.78
0.77
0.71
0.87
0.62
0.67
0.75
0.77
0.74
0.8
0.71
0.64
0.74
0.72
0.77
0.64
0.72
0.78
0.79
0.83
0.73
0.66
0.84
0.78
0.69
0.72
0.81
0.64
0.72
0.81
0.79
0.73
0.72
0.88
0.73
0.77
0.74
0.75
0.72
0.68
0.68
0.68
0.71
0.79
0.75
0.76
0.83
0.79
0.72
0.8
0.7
0.8
0.74
0.76
0.65
0.78
0.81
0.68
0.74
0.67
0.72
0.79
0.72
0.66
0.71
0.77
0.78
0.83
0.75
0.62
0.77
0.62
0.81
0.7
0.65
0.71
0.67
0.75
0.68
0.8
0.72
0.75
0.65
0.69
0.73
0.72
0.72
0.65
0.75
0.77
0.74
0.67
0.79
0.77
0.79
0.75
0.75
0.71
0.61
0.79
0.77
0.62
0.75
0.74
0.68
0.8
0.77
0.73
0.61
0.79
0.78
0.68
0.71
0.77
0.77
0.75
0.75
0.75
0.74
0.67
0.7
0.74
0.78
0.73
0.66
0.72
0.81
0.67
0.8
0.81
0.59
0.79
0.7
0.73
0.7
0.71
0.65
0.68
0.69
0.69
0.81
0.76
0.74
0.63
0.68
0.67
0.76
0.67
0.69
0.73
0.55
0.66
0.77
0.74
0.75
0.76
0.72
0.71
0.7
0.73
0.77
0.72
0.62
0.74
0.7
0.69
0.59
0.7
0.64
0.7
0.8
0.73
0.71
0.72
0.71
0.78
0.7
0.75
0.65
0.76
0.75
0.74
0.73
0.72
0.73
0.75
0.6
0.76
0.7
0.64
0.64
0.77
0.77
0.72
0.77
0.67
0.69
0.66
0.64
0.78
0.69
0.82
0.75
0.7
0.76
0.77
0.69
0.65
0.74
0.75
0.67
0.69
0.78
0.66
0.69
0.77
0.7
0.65
0.72
0.69
0.75
0.78
0.73
0.82
0.63
0.73
0.69

2
2
1
0
1
2
1
2
0
1
1
2
2
1
2
2
2
2
2
2
2
2
2
2
2
2
2
2
3
2
3
2
2
2
2
3
2
2
3
2
2
2
3
3
2
2
3
2
2
2
2
2
2
3
2
3
3
3
2
3
3
2
2
3
3
1
3
2
2
3
3
3
3
2
2
3
3
2
3
2
3
2
3
3
3
2
3
2
3
2
3
3
2
2
2
3
2
2
2
2
2
3
3
3
3
2
2
2
2
2
3
3
3
3
2
2
2
2
2
2
3
2
3
2
3
2
3
3
1
3
3
3
2
3
3
3
2
2
3
3
3
3
3
3
3
3
2
3
3
3
3
3
3
3
3
3
3
2
2
3
3
3
2
3
3
3
3
3
3
3
3
3
2
3
3
3
2
3
2
3
2
3
3
3
3
3
3
3
3
3
3
3
3
3
2
3
3
3
3
2
3
3
3
3
2
3
3
3
3
2
2
3
3
2
3
3
3
3
3
3
3
3
3
2
2
3
3
3
3
3
3
2
2
3
3
3
3
2
3
3
3
3
4
3
2
3
3
3
3
3
3
3
3
2
3
3
4
2
3
3
3
3
3
3
2
2
3
3
3
3
3
3
3
3
3
3
3
3
2
3
3
3
3
3
3
3
3
2
2
4
3
2
3
2
3
3
3
3
3
3
2
3
2
3
2
3
3
3
2
3
4
3
3
3
3
3
3
4
3
3
3
4
3
2
3
3
3
3
3
3
3
3
3
3
3
3
3
2
3
3
2
3
3
3
3
2
3
2
3
3
3
3
3
3
2
3
4
3
4
3
2
3
3
3
3
3
3
4
3
3
3
3
3
3
4
2
4
2
3
3
3
3
3
3
2
2
3
3
3
3
3
3
3
2
3
2
3
3
2
3
3
4
3
3
3
3
2
3
3
4
3
3
4
2
3
3
3
4
2
3
3
4
3
3
3
3
3
3
3
3
3
2
2
3
4
4
3
3
3
3
3
3
3
2
3
3
3
3
3
3
3
3
4
3
3
3
3
2
4
3
3
3
3
4
3
3
3
3
2
3
4
3
3
3
3
2
3
3
3
3
3
3
3
3
3
3
4
3
3
3
4
3
2
3
3
3
3
3
3
3
2
2
3
2
3
3
3
2
3
3
3
3
3
3
3
4
3
3
3
2
3
4
3
3
3
2
3
3
2
4
4
3
3
3
3
3
3
3
3
3
2
3
3
3
3
3
3
3
4
3
3
2
3
3
3
3
3
3
3
4
3
2
3
3
4
4
3
3
3
2
3
3
3
4
4
4
3
3
3
3
3
3
4
3
3
3
3
3
4
3
3
3
3
3
4
2
4
3
4
4
3
3
3
3
3
3
4
4
3
3
3
3
4
3
3
4
4
2
4
4
3
2
3
3
3
3
3
3
3
3
3
2
3
3
3
3
3
3
4
3
3
2
2
3
3
2
2
3
3
3
2
3
3
2
3
3
3
3
2
3
3
3
3
3
4
4
3
2
3
3
3
3
3
4
2
3
3
3
4
3
4
3
3
4
3
4
3
3
3
3
3
3
3
3
4
3
4
3
3
4
3
3
4
3
4
4
3
3
2
3
3
4
3
3
3
3
3
3
3
3
4
3
3
3
3
4
3
3
3
2
3
3
3
3
3
3
3
3
3
3
3
3
3
3
4
3
2
3
3
2
4
3
3
3
3
4
3
3
3
2
3
3
4
3
3
4
4
4
3
3
4
4
3
3
4
3
4
3
3
3
4
4
4
3
4
3
2
3
3
4
3
3
3
3
4
2
4
3
3
3
4
3
3
2
2
4
2
3
4
3
4
4
3
4
4
3
3
3
3
3
3
3
3
3
3
3
4
3
3
3
3
2
4
3
2
4
3
3
4
3
3
3
4
4
2
3
3
2
3
3
2
4
3
2
3
3
3
3
3
4
4
3
3
2
3
3
3
3
4
3
4
4
3
4
4
3
2
3
4
4
4
4
3
3
2
3
3
4
3
3
4
3
4
2
3
4
3
3
3
3
3
3
3
3
3
3
3
3
3
4
4
4
3
3
3
4
3
3
3
2
4
2
3
3
2
3
3
2
3
4
3
2
4
2
4
3
4
3
2
4
3
3
3
4
4
4
4
3
3
3
3
4
3
3
3
3
3
4
2
4
3
3
4
3
3
3
4
3
4
3
3
3
4
3
4
3
3
3
3
3
3
3
3
3
3
4
4
3
3
3
2
3
4
3
3
2
4
3
4
3
