0.44
0.35
0.41
0.25
0.43
0.24
0.36
0.16
0.43
0.4
0.4
0.28
0.42
0.29
0.21
0.16
0.41
0.32
0.25
0.32
0.19
0.15
0.18
0.18
0.25
0.24
0.25
0.23
0.15
0.28
0.18
0.08
0.41
0.28
0.26
0.25
0.26
0.15
0.14
0.15
0.25
0.23
0.17
0.16
0.25
0.13
0.19
0.15
0.18
0.23
0.24
0.25
0.22
0.16
0.27
0.14
0.22
0.16
0.21
0.13
0.15
0.17
0.13
0.11
0.25
0.31
0.12
0.25
0.21
0.11
0.11
0.13
0.21
0.17
0.21
0.13
0.16
0.17
0.12
0.14
0.14
0.2
0.12
0.12
0.15
0.23
0.07
0.17
0.1
0.27
0.17
0.14
0.16
0.15
0.18
0.09
0.23
0.23
0.13
0.13
0.06
0.17
0.22
0.1
0.15
0.16
0.15
0.2
0.25
0.13
0.14
0.12
0.12
0.12
0.13
0.17
0.15
0.19
0.18
0.13
0.09
0.16
0.13
0.19
0.22
0.15
0.14
0.15
0.1
0.16
0.12
0.12
0.16
0.12
0.09
0.09
0.15
0.16
0.18
0.17
0.25
0.14
0.1
0.1
0.15
0.05
0.08
0.08
0.19
0.11
0.18
0.12
0.11
0.18
0.06
0.22
0.15
0.16
0.13
0.12
0.21
0.18
0.14
0.13
0.17
0.13
0.14
0.12
0.17
0.08
0.11
0.14
0.16
0.11
0.06
0.1
0.16
0.13
0.11
0.06
0.17
0.06
0.09
0.07
0.13
0.3
0.09
0.08
0.14
0.14
0.07
0.08
0.12
0.29
0.15
0.18
0.1
0.12
0.07
0.09
0.11
0.1
0.12
0.15
0.21
0.17
0.12
0.1
0.11
0.11
0.17
0.24
0.16
0.09
0.1
0.07
0.13
0.12
0.06
0.03
0.11
0.04
0.04
0.07
0.15
0.13
0.14
0.14
0.14
0.16
0.15
0.11
0.1
0.08
0.13
0.08
0.13
0.14
0.16
0.04
0.24
0.12
0.03
0.07
0.11
0.08
0.2
0.16
0.13
0.19
0.09
0.08
0.14
0.09
0.07
0.1
0.04
0.18
0.07
0.13
0.14
0.08
0.13
0.09
0.19
0.1
0.1
0.05
0.12
0.06
0.08
0.11
0.14
0.11
0.09
0.09
0.04
0.14
0.06
0.15
0.11
0.12
0.16
0.12
0.15
0.08
0.1
0.08
0.15
0.04
0.11
0.08
0.12
0.15
0.1
0.09
0.1
0.08
0.1
0.09
0.12
0.09
0.12
0.06
0.14
0.12
0.1
0.11
0.14
0.14
0.09
0.1
0.09
0.12
0.15
0.09
0.12
0.07
0.05
0.07
0.11
0.07
0.18
0.07
0.16
0.1
0.07
0.16
0.08
0.12
0.13
0.12
0.14
0.03
0.1
0.1
0.06
0.08
0.12
0.1
0.14
0.09
0.04
0.07
0.14
0.1
0.11
0.07
0.09
0.17
0.06
0.07
0.1
0.1
0.1
0.12
0.06
0.04
0.07
0.07
0.2
0.11
0.08
0.09
0.12
0.1
0.04
0.03
0.08
0.12
0.12
0.11
0.07
0.12
0.04
0.13
0.07
0.12
0.11
0.13
0.12
0.14
0.11
0.03
0.06
0.13
0.08
0.08
0.07
0.05
0.12
0.09
0.06
0.17
0.06
0.13
0.08
0.15
0.14
0.14
0.1
0.05
0.09
0.14
0.09
0.1
0.06
0.09
0.17
0.05
0.1
0.12
0.05
0.16
0.06
0.12
0.17
0.07
0.1
0.08
0.09
0.05
0.09
0.11
0.08
0.11
0.06
0.1
0.11
0.07
0.04
0.06
0.12
0.1
0.08
0.06
0.08
0.08
0.09
0.08
0.07
0.07
0.05
0.13
0.08
0.07
0.08
0.07
0.13
0.06
0.06
0.08
0.09
0.05
0.06
0.03
0.1
0.1
0.04
0.06
0.08
0.05
0.09
0.05
0.09
0.08
0.12
0.09
0.21
0.04
0.14
0.06
0.04
0.08
0.06
0.11
0.08
0.08
0.1
0.15
0.06
0.12
0.06
0.14
0.09
0.12
0.09
0.09
0.13
0.07
0.04
0.06
0.11
0.15
0.08
0.05
0.12
0.06
0.07
0.07
0.08
0.08
0.08
0.06
0.12
0.15
0.07
0.17
0.06
0.08
0.11
0.09
0.09
0.07
0.04
0.04
0.05
0.02
0.12
0.08
0.05
0.04
0.1
0.1
0.07
0.06
0.08
0.06
0.12
0.09
0.09
0.08
0.09
0.11
0.07
0.11
0.08
0.1
0.11
0.05
0.09
0.07
0.05
0.06
0.09
0.11
0.02
0.09
0.09
0.07
0.1
0.08
0.07
0.04
0.08
0.06
0.13
0.12
0.11
0.05
0.04
0.1
0.06
0.06
0.03
0.04
0.03
0.08
0.08
0.11
0.11
0.03
0.06
0.06
0.03
0.05
0.12
0.13
0.03
0.07
0.07
0.1
0.07
0.03
0.05
0.05
0.08
0.19
0.07
0.15
0.05
0.04
0.04
0.1
0.08
0.11
0.04
0.05
0.1
0.06
0.03
0.07
0.11
0.08
0.12
0.05
0.04
0.04
0.08
0.13
0.07
0.09
0.05
0.07
0.06
0.05
0.05
0.09
0.03
0.04
0.06
0.04
0.07
0.11
0.07
0.09
0.07
0.08
0.04
0.05
0.06
0.08
0.12
0.07
0.01
0.05
0.04
0.09
0.05
0.13
0.11
0.09
0.08
0.08
0.12
0.07
0.12
0.1
0.11
0.11
0.06
0.09
0.04
0.15
0.06
0.08
0.06
0.09
0.09
0.05
0.05
0.04
0.14
0.05
0.06
0.06
0.06
0.08
0.09
0.07
0.05
0.05
0.08
0.03
0.07
0.04
0.03
0.08
0.08
0.1
0.07
0.04
0.01
0.01
0.05
0.04
0.07
0.14
0.09
0.12
0.13
0.06
0.17
0.08
0.09
0.08
0.06
0.09
0.08
0.05
0.09
0.13
0.03
0.04
0.08
0.06
0.06
0.05
0.09
0.09
0.06
0.03
0.06
0.07
0.05
0.04
0.08
0.08
0.09
0.05
0.01
0.05
0.14
0.19
0.05
0.02
0.1
0.04
0.01
0.14
0.13
0.1
0.14
0.06
0.04
0.12
0.05
0.07
0.09
0.1
0.09
0.03
0.08
0.11
0.04
0.08
0.17
0.06
0.07
0.15
0.06
0.04
0.09
0.05
0.06
0.01
0.1
0.05
0.04
0.05
0.08
0.09
0.07
0.12
0.03
0.08
0
0.06
0.07
0.04
0.03
0.03
0.17
0.05
0.03
0.09
0.08
0.06
0.07
0.09
0.02
0.04
0.06
0.05
0.03
0.04
0.06
0.03
0.09
0.06
0.05
0.22
0.02
0.1
0.07
0.12
0.07
0.05
0.07
0.11
0.01
0.07
0.07
0.05
0.06
0.04
0.12
0.07
0.06
0.12
0.04
0.06
0.04
0.04
0.04
0.06
0.1
0.06
0.04
0.06
0.13
0.07
0.08
0.03
0.04
0.08
0.01
0.04
0.09
0.13
0.13
0.09
0.01
0.16
0.06
0.11
0.04
0.04
0.03
0.04
0.14
0.12
0.03
0.09
0.04
0.07
0.11
0.1
0.08
0.1
0.09
0.02
0.05
0.07
0.08
0.03
0.08
0.11
0.07
0.04
0.05
0.04
0.11
0.08
0.09
0.05
0.1
0.08
0.07
0.07
0.03
0.03
0.1
0.07
0.02
0.07
0.05
0.05
0.09
0.06
0.11
0.03
0.05
0.08
0.07
0.05
0.04
0.04
0.06
0.11
0.07
0.09
0.05
0.08
0.05
0.04
0.05
0.02
0.06
0.09
0.02
0.09
0.11
0.08
0.11
0.01
0.08
0.03
0.11
0.05
0.03
0.01
0.05
0.11
0.09
0.04
0.08
0.05
0.04
0.08
0.05
0.08
0.07
0.05
0.09
0.06
0.05
0.05
0.03
0.03
0.03
0.05
0.05
0.13
0.09
0.03
0.04
0.05
0.09
0.04
0.05
0.05
0.08
0.03
0.03
0.01
0.05
0.06
0.12
0.02
0.03
0.02
0.07
0.02
0.02
0.07
0.12
0.05
0.07
0.05
0.03
0.06
0.03
0.05
0.03
0.04
0.03
0.06
0.01
0.06
0.06
0.02
0.05
0.07
0.06
0.07
0.07
0.09
0.09
0.03
0.05
0.1
0.12
0.06
0.08
0.02
0.11
0.07
0.09
0.15
0.08
0.04
0
0.04
0.11
1.0
1.0
1.0
1.0
0.07

5
6
6
8
6
7
6
9
4
7
5
7
6
8
8
8
7
7
7
7
9
6
7
7
6
8
8
7
7
7
7
8
7
7
7
9
8
8
7
5
8
6
6
8
8
5
7
10
7
8
7
7
6
7
7
8
7
7
8
6
10
8
7
8
9
7
10
7
6
9
7
8
6
7
8
7
7
8
7
8
7
8
5
8
11
8
8
7
9
8
9
10
7
7
6
5
7
9
7
7
9
7
8
9
9
7
7
9
7
6
8
8
8
9
7
8
8
8
7
7
7
7
7
9
7
7
7
8
8
9
11
8
6
7
7
8
7
8
8
8
3
6
10
8
8
10
9
8
9
7
6
9
9
7
10
8
8
6
7
8
4
8
6
7
8
8
7
10
8
8
9
6
7
9
8
9
8
8
8
10
7
8
11
10
10
6
9
8
8
8
6
9
8
2
4
7
10
7
8
7
8
9
8
8
6
7
5
9
10
8
7
3
9
5
7
7
7
8
10
9
9
7
7
7
6
10
7
7
9
9
6
4
7
8
8
8
6
9
9
11
4
10
17
7
9
7
6
7
8
7
9
8
9
6
10
10
7
7
8
8
7
9
8
9
6
6
8
11
9
6
9
11
9
8
5
9
7
8
9
8
8
8
9
9
7
9
8
10
10
9
8
7
10
7
9
7
9
8
8
9
7
10
7
10
6
9
12
6
7
7
8
9
8
7
8
10
9
10
8
6
6
9
8
8
9
7
8
8
7
9
10
8
7
11
8
5
7
7
9
5
8
10
9
6
8
8
9
7
8
9
5
11
9
8
9
8
10
7
11
8
6
7
12
11
8
8
12
11
9
7
6
9
8
7
9
9
9
8
6
9
8
9
10
6
7
5
12
5
9
7
9
7
8
3
7
6
6
7
7
8
8
13
6
8
9
7
8
6
8
8
6
6
10
7
8
5
8
8
4
4
8
7
10
7
7
7
11
8
8
6
8
6
6
7
10
9
8
9
9
8
8
7
7
7
9
8
10
8
7
7
5
9
8
7
9
12
8
6
13
11
8
6
8
8
7
13
6
8
7
10
10
10
7
6
7
7
8
9
10
4
10
8
5
11
7
10
5
9
8
11
6
6
7
9
8
10
7
9
7
9
9
7
8
9
9
6
10
5
7
11
6
7
7
7
8
6
7
7
8
7
9
9
8
8
7
8
9
5
7
9
9
9
7
7
8
7
6
7
7
11
7
8
12
10
11
9
12
8
7
10
7
6
5
14
7
7
6
6
8
9
9
8
9
6
10
9
5
12
11
7
9
8
10
10
13
9
9
6
7
9
8
6
8
9
8
8
6
8
9
8
8
8
11
6
9
6
7
9
7
7
7
8
9
8
7
8
5
8
6
7
10
12
8
6
7
7
10
7
5
9
10
7
9
7
10
9
8
10
7
10
6
7
8
9
10
10
10
11
6
7
6
9
8
7
7
10
8
10
9
7
7
8
10
10
7
8
10
8
8
7
7
8
6
13
9
10
10
8
9
9
7
10
8
5
7
9
7
7
10
7
11
6
18
6
7
7
6
8
10
7
8
11
7
8
9
9
9
6
9
7
8
9
9
7
9
10
10
13
6
10
10
6
8
10
8
7
9
8
7
7
8
12
7
7
8
14
7
8
8
6
9
7
9
10
7
8
9
10
4
8
7
9
10
7
8
10
6
11
8
9
10
9
9
7
9
20
7
13
10
10
8
8
9
7
7
9
inf
10
6
7
8
11
2
13
10
7
9
8
8
8
12
7
9
6
5
9
9
7
11
9
9
4
5
7
9
9
8
10
9
6
15
8
7
5
8
8
6
5
7
8
8
8
10
6
9
10
8
8
9
6
7
9
9
11
12
6
11
7
9
8
6
7
6
7
7
10
8
10
5
13
6
10
6
8
6
8
8
6
5
7
6
6
8
5
5
9
8
8
8
5
10
6
8
7
5
10
9
9
12
10
7
8
7
10
9
8
9
9
10
8
8
13
7
6
5
8
12
9
6
7
11
7
8
8
6
11
8
11
7
9
8
9
9
10
8
6
8
7
8
8
11
9
7
10
11
14
9
9
13
8
7
7
5
8
6
7
6
11
8
8
11
10
8
9
11
9
10
7
8
9
12
7
7
8
10
9
10
9
9
12
6
15
8
7
10
11
8
10
7
8
14
8
10
8
16
6
10
6
12
7
5
11
5
9
9
9
9
7
9
13
6
7
8
7
7
6
4
8
9
7
7
8
inf
5
6
0
0
0
0
11
