0.39
0.31
0.34
0.19
0.38
0.16
0.29
0.15
0.35
0.29
0.35
0.25
0.32
0.22
0.13
0.22
0.36
0.24
0.24
0.22
0.23
0.19
0.13
0.14
0.26
0.24
0.29
0.17
0.12
0.15
0.22
0.17
0.3
0.21
0.23
0.2
0.24
0.09
0.08
0.12
0.19
0.22
0.13
0.19
0.23
0.17
0.14
0.14
0.21
0.21
0.17
0.21
0.1
0.14
0.17
0.11
0.13
0.18
0.17
0.2
0.18
0.13
0.17
0.08
0.16
0.25
0.1
0.18
0.16
0.09
0.16
0.13
0.14
0.16
0.21
0.13
0.14
0.13
0.07
0.14
0.08
0.24
0.13
0.07
0.14
0.17
0.12
0.17
0.11
0.2
0.11
0.11
0.12
0.1
0.08
0.05
0.12
0.15
0.13
0.12
0.09
0.15
0.14
0.05
0.13
0.04
0.15
0.11
0.18
0.07
0.08
0.09
0.14
0.14
0.16
0.14
0.19
0.16
0.2
0.12
0.16
0.17
0.15
0.08
0.21
0.14
0.07
0.06
0.13
0.16
0.11
0.07
0.12
0.06
0.07
0.09
0.11
0.22
0.07
0.17
0.18
0.14
0.13
0.13
0.15
0.17
0.19
0.07
0.16
0.11
0.14
0.12
0.03
0.12
0.05
0.19
0.09
0.15
0.19
0.09
0.21
0.09
0.13
0.13
0.17
0.06
0.09
0.07
0.11
0.06
0.11
0.26
0.1
0.06
0.1
0.15
0.11
0.11
0.09
0.09
0.12
0.09
0.07
0.04
0.16
0.21
0.02
0.08
0.08
0.08
0.12
0.06
0.11
0.2
0.06
0.12
0.07
0.14
0.05
0.1
0.13
0.14
0.07
0.07
0.1
0.13
0.07
0.09
0.1
0.17
0.11
0.17
0.11
0.07
0.08
0.05
0.08
0.16
0.08
0.07
0.06
0.08
0.06
0.15
0.14
0.06
0.1
0.08
0.07
0.1
0.12
0.13
0.08
0.1
0.12
0.09
0.1
0.11
0.11
0.07
0.12
0.07
0.05
0.05
0.13
0.07
0.08
0.09
0.11
0.07
0.04
0.06
0.05
0.06
0.03
0.08
0.08
0.19
0.08
0.07
0.12
0.07
0.08
0.1
0.16
0.1
0.06
0.05
0.08
0.08
0.06
0.13
0.13
0.15
0.12
0.12
0.1
0.07
0.11
0.11
0.02
0.13
0.07
0.1
0.08
0.06
0.1
0.01
0.13
0.06
0.04
0.08
0.12
0.09
0.08
0.09
0.14
0.06
0.12
0.07
0.08
0.09
0.08
0.05
0.08
0.05
0.08
0.09
0.14
0.04
0.05
0.06
0.08
0.07
0.1
0.06
0.05
0.08
0.05
0.05
0.09
0.05
0.11
0.09
0.11
0.12
0.07
0.1
0.07
0.1
0.13
0.12
0.11
0.07
0.05
0.13
0.05
0.04
0.07
0.1
0.11
0.12
0.1
0.12
0.06
0.12
0.03
0.08
0.06
0.08
0.04
0.03
0.14
0.05
0.08
0.02
0.03
0.08
0.08
0.05
0.11
0.06
0.09
0.04
0.05
0.08
0.1
0.03
0.03
0.09
0.06
0.09
0.05
0.07
0.06
0.11
0.06
0.12
0.05
0.07
0.09
0.09
0.02
0.07
0.04
0.14
0.04
0.07
0.12
0.1
0.09
0.05
0.05
0.17
0.06
0.08
0.06
0.06
0.05
0.07
0.06
0.05
0.09
0.1
0.09
0.08
0.08
0.05
0.14
0.08
0.09
0.08
0.04
0.13
0.05
0.11
0.08
0.03
0.1
0.04
0.03
0.03
0.04
0.11
0.09
0.05
0.04
0.08
0.06
0.11
0.06
0.11
0.05
0.07
0.04
0.05
0.11
0.11
0.08
0.14
0.09
0.07
0.03
0.12
0.07
0.05
0.03
0.03
0.07
0.08
0.05
0.08
0.05
0.03
0.1
0.04
0.09
0.04
0.12
0.07
0.11
0.02
0.09
0.04
0.06
0.06
0.05
0.07
0.11
0.01
0.06
0.07
0.03
0.06
0.02
0.09
0.03
0.04
0.03
0.18
0.08
0.07
0.05
0.05
0.06
0.09
0.05
0.08
0.07
0.05
0.04
0.09
0.1
0.17
0.09
0.02
0.09
0.04
0.03
0.06
0.07
0.05
0.08
0.09
0.09
0.08
0.05
0.08
0.08
0.04
0.07
0.07
0.08
0.06
0.03
0.02
0.03
0.03
0.09
0.11
0.04
0.05
0.04
0.09
0.06
0.11
0.08
0.08
0.09
0.06
0.07
0.07
0.05
0.05
0.04
0.08
0.08
0.07
0.03
0.11
0.06
0.03
0.1
0.07
0.07
0.08
0.04
0.07
0.06
0.03
0.05
0.05
0.09
0.04
0.08
0.05
0.08
0.08
0.18
0.08
0.02
0.1
0.02
0.09
0.03
0.04
0.04
0.03
0.06
0.07
0.05
0.02
0.06
0.06
0.03
0.05
0.09
0.13
0.06
0.05
0.01
0.04
0.08
0.05
0.04
0.07
0.06
0.11
0.06
0.08
0.02
0.07
0.05
0.07
0.02
0.04
0.02
0.09
0.03
0.01
0.07
0.03
0.07
0.06
0.05
0.08
0.05
0.02
0.11
0.06
0.05
0.08
0.1
0.11
0.06
0.02
0.09
0.06
0.04
0.07
0.05
0.1
0.02
0.03
0.02
0.04
0.1
0.07
0.07
0.1
0.06
0.05
0.09
0.08
0.03
0.04
0.06
0.04
0.06
0.06
0.06
0.08
0.06
0.12
0.09
0.1
0.05
0.08
0.03
0.12
0.08
0.08
0.08
0.09
0.03
0.07
0.06
0.06
0.1
0.03
0.06
0.06
0.04
0.03
0.02
0.02
0.06
0.04
0.06
0.05
0.07
0.09
0.06
0.02
0.07
0.07
0.03
0.04
0.05
0.05
0.04
0.07
0.01
0.06
0.09
0.02
0.03
0.08
0.04
0.11
0.05
0.02
0.07
0.04
0.04
0.08
0.06
0.09
0.08
0.02
0.05
0.05
0.03
0.01
0.03
0.01
0.09
0.03
0.1
0.09
0.09
0.04
0.04
0.06
0.06
0.02
0.05
0.03
0.05
0.07
0.04
0.01
0.13
0.09
0.05
0.07
0.04
0.07
0.01
0.1
0.07
0.08
0.1
0.04
0.03
0.07
0.06
0.07
0.08
0.04
0.04
0.03
0.06
0.09
0.02
0.08
0.1
0.03
0
0.07
0.03
0.07
0.06
0.05
0.09
0
0.12
0.05
0.07
0.03
0.07
0.04
0.03
0.09
0.09
0.09
0.08
0.05
0.06
0.07
0.01
0.02
0.12
0.08
0.03
0.07
0.03
0.07
0.05
0.08
0.03
0.05
0.09
0.12
0.02
0.08
0.04
0.08
0.03
0.03
0.1
0.18
0.01
0.06
0.04
0.06
0.11
0.02
0.08
0.07
0.06
0.03
0.07
0.06
0.03
0.01
0.06
0.09
0.03
0.04
0.05
0.05
0.04
0.02
0.06
0.06
0.07
0.04
0.05
0.05
0.11
0.05
0.04
0.02
0.05
0.07
0.05
0.07
0.05
0.1
0.1
0.08
0.04
0.05
0.03
0.05
0.08
0.04
0.06
0.04
0.08
0.1
0.04
0.08
0.01
0.06
0.02
0.04
0.03
0.08
0.13
0.02
0.06
0.04
0.08
0.06
0.08
0.09
0.05
0.05
0.06
0.06
0.07
0.09
0.03
0.08
0.05
0.09
0.02
0.07
0.05
0.05
0.11
0.03
0.03
0.07
0.06
0.07
0.08
0.06
0.06
0.04
0.03
0.07
0.04
0.08
0.03
0.08
0.02
0.07
0.04
0.11
0.01
0.05
0.05
0.03
0.08
0.04
0.05
0.04
0.04
0.06
0.05
0.05
0.06
0.04
0.06
0.09
0.06
0.02
0.01
0.01
0.03
0.02
0.02
0.05
0.02
0.02
0.04
0.11
0.04
0.08
0.06
0.03
0.06
0.12
0.05
0.06
0.06
0.02
0.07
0.08
0.08
0.07
0.02
0.1
0.03
0.08
0.02
0.04
0.01
0.07
0.03
0.04
0.02
0.03
0.05
0.12
0.08
0.05
0.07
0.03
0.06
0.03
0.03
0.08
0.06
0.02
0.07
0.04
0.09
0.06
0.03
0.08
0.03
0.04
0.06
0.02
0.08
0.05
0.05
0.06
0.01
0.05
0.05
0.05
0.11
0.09
0.05
0.03
0.02
0.06
0.06
0.03
0.06
0.02
0.04
0.07
0.11
0.11
0.08
0.05
0
0.04
0.08
1.0
1.0
1.0
1.0
0.04

6
8
7
7
6
7
7
8
5
7
5
8
7
8
7
7
6
7
7
7
8
7
6
8
7
7
8
8
8
7
7
7
7
8
7
6
8
6
7
7
7
8
7
7
8
8
8
8
7
9
7
8
9
8
8
10
10
8
9
7
6
8
7
9
8
7
8
9
7
8
9
9
7
7
7
9
8
9
9
7
7
6
8
7
8
8
10
8
8
7
9
9
6
7
6
6
8
9
8
8
9
4
10
9
10
9
8
9
7
6
7
9
6
7
10
9
8
8
9
7
9
8
7
8
7
7
6
7
7
8
8
5
8
10
11
9
7
9
8
9
5
8
10
5
9
8
7
7
7
8
7
10
4
8
11
8
10
7
8
12
3
9
8
7
8
9
8
10
10
11
8
3
6
10
10
9
6
7
8
8
8
9
8
6
6
3
10
6
10
9
9
11
10
2
7
9
10
8
6
6
7
8
9
8
9
7
11
10
7
6
7
4
7
8
8
11
9
6
8
7
9
9
10
9
7
7
8
5
7
9
8
7
5
8
10
10
8
8
8
7
3
6
7
8
9
9
8
8
8
9
11
10
9
7
7
8
10
8
9
9
8
9
7
9
6
6
8
8
12
13
10
7
8
8
9
7
6
7
6
7
10
9
6
11
9
5
7
18
9
9
10
6
7
6
8
8
10
6
9
9
9
6
12
8
7
9
6
7
7
7
10
12
11
7
7
7
8
10
9
8
8
10
8
9
7
8
9
7
8
7
7
7
8
5
9
7
8
8
9
9
5
10
10
9
10
8
7
7
9
8
6
8
6
7
6
10
9
6
10
9
9
7
10
9
5
8
10
12
6
10
7
6
7
9
9
8
7
6
5
9
8
8
7
7
8
8
9
8
10
8
6
7
12
4
7
7
7
9
9
6
8
11
6
8
8
5
7
6
7
9
6
5
10
7
12
5
8
8
5
5
6
13
8
9
9
9
8
9
8
8
9
8
7
6
12
9
11
11
10
9
11
7
9
8
5
9
7
13
9
10
12
8
10
9
8
7
7
12
9
6
8
12
8
7
6
13
7
8
7
10
11
10
5
8
6
8
10
8
8
3
10
13
4
10
9
6
5
7
10
8
8
10
6
6
7
13
7
12
6
6
7
8
11
6
9
5
10
9
8
8
10
7
12
6
12
10
9
9
7
9
10
11
6
9
8
7
9
6
6
8
8
11
6
10
8
8
8
10
7
8
7
13
9
7
10
10
7
9
9
11
11
4
9
8
7
7
8
7
9
8
8
7
16
8
8
4
7
9
8
7
10
6
7
7
9
8
9
6
7
8
9
5
8
10
9
8
6
9
9
6
8
7
11
9
13
6
11
9
10
8
8
7
6
10
6
8
5
10
9
10
8
11
6
8
4
11
10
11
12
8
8
6
9
9
11
6
10
8
10
9
9
9
9
10
10
8
10
10
11
8
7
4
6
8
8
6
10
6
10
7
8
9
9
8
11
8
9
7
8
9
14
8
7
8
7
11
7
7
9
12
7
5
7
7
9
7
10
10
9
10
10
8
15
7
6
14
12
8
6
8
5
5
8
10
14
8
13
8
10
10
6
6
13
9
10
12
8
9
8
8
6
10
12
8
7
3
12
8
11
11
9
5
9
8
7
8
10
11
5
8
5
8
7
6
11
7
6
8
7
10
8
5
7
7
8
9
7
11
inf
9
5
11
8
6
6
inf
8
9
8
6
8
10
10
9
10
10
12
11
7
10
12
9
1
9
8
8
10
7
9
11
7
9
10
7
10
9
6
10
5
10
10
5
7
6
13
6
8
7
8
6
10
8
8
6
8
3
6
7
9
7
9
7
6
13
9
9
8
6
7
9
7
9
7
9
11
7
8
8
10
9
9
8
5
8
7
8
10
6
8
10
7
9
11
8
2
8
9
9
6
9
7
9
11
6
9
9
8
5
7
7
8
7
6
9
6
8
9
9
8
11
9
9
10
9
8
10
7
11
6
11
10
6
12
9
7
9
7
9
9
5
11
6
2
5
9
4
8
11
7
9
10
8
7
4
8
12
8
9
9
6
10
16
8
9
4
8
9
11
8
9
9
5
7
7
11
7
9
4
10
7
10
7
10
9
15
6
9
5
4
10
8
6
9
12
8
12
6
10
7
11
8
7
11
8
12
8
8
14
5
5
6
12
8
7
14
8
5
9
10
5
6
10
7
9
8
7
6
9
7
9
13
9
7
7
9
2
4
9
7
8
5
6
inf
10
13
0
0
0
0
12
