1.0
1.0
1.0
1.0
1.0
0.99
1.0
0.96
1.0
1.0
1.0
1.0
1.0
1.0
1.0
0.95
1.0
1.0
1.0
1.0
0.99
1.0
1.0
1.0
1.0
1.0
1.0
1.0
0.99
1.0
0.92
0.99
1.0
1.0
0.99
1.0
1.0
0.97
0.98
0.92
0.99
1.0
0.93
1.0
1.0
0.98
0.89
0.96
1.0
1.0
1.0
1.0
0.98
1.0
1.0
0.98
1.0
0.99
1.0
0.95
0.8
0.98
0.98
0.94
0.99
1.0
0.88
1.0
1.0
0.91
0.91
0.97
0.91
1.0
1.0
0.96
0.99
0.92
0.98
0.91
0.99
1.0
0.98
0.77
1.0
0.96
0.92
0.99
0.97
1.0
0.97
0.93
0.98
0.81
0.94
0.95
1.0
1.0
0.97
1.0
0.8
0.97
0.99
0.86
1.0
0.86
0.99
0.97
1.0
0.83
0.84
0.85
0.98
0.96
0.94
0.93
0.99
0.98
1.0
0.93
0.98
0.97
0.99
0.94
1.0
0.98
0.85
0.93
0.92
0.99
0.98
0.84
0.93
0.93
0.75
0.86
0.99
1.0
0.99
0.99
0.98
0.96
0.96
0.98
0.99
0.9
0.96
0.84
0.98
0.95
0.88
0.92
0.94
1.0
0.78
1.0
0.99
0.94
0.98
0.92
0.91
0.94
0.96
0.83
0.96
0.9
0.98
0.88
0.99
0.84
0.9
0.94
0.83
0.85
0.87
0.95
0.93
0.95
0.97
0.86
0.94
0.78
0.84
0.86
1.0
0.99
0.86
0.9
0.97
0.83
0.96
0.94
0.93
0.98
0.91
0.98
0.98
0.87
0.82
0.77
0.94
0.99
0.97
0.9
0.97
0.94
0.82
0.98
0.87
0.86
0.95
0.89
0.88
0.83
0.8
0.71
0.94
0.94
0.91
0.82
0.92
0.95
0.82
0.86
0.94
0.89
0.85
0.83
0.85
0.97
0.92
0.8
0.89
0.84
0.98
0.96
0.96
0.95
0.89
0.94
0.95
0.93
0.75
0.82
0.97
0.88
1.0
0.91
0.9
0.95
0.96
0.86
0.94
0.74
0.71
0.87
0.91
0.97
0.87
0.85
0.98
0.99
0.93
0.91
1.0
0.83
0.83
0.81
0.85
0.83
0.79
0.99
0.96
0.92
0.84
0.92
0.81
0.82
0.94
0.83
0.86
0.86
0.85
0.86
0.9
0.9
0.77
0.73
0.89
0.78
0.88
0.82
0.97
0.93
0.93
0.76
1.0
0.9
0.94
0.89
0.87
0.8
0.8
0.77
0.95
0.89
0.89
0.88
0.8
0.97
0.77
0.91
0.91
0.95
0.98
0.95
0.93
0.85
0.73
0.86
0.88
0.78
0.87
0.91
1.0
0.89
0.84
0.92
0.87
0.91
0.89
0.93
0.95
0.91
0.85
0.85
0.92
0.78
0.9
0.89
0.94
0.88
0.78
0.86
0.87
0.85
0.83
0.89
0.83
0.9
0.77
0.8
0.72
0.88
0.78
0.81
0.75
0.88
0.91
0.78
0.92
0.81
0.78
0.69
0.78
0.78
0.76
0.69
0.78
0.97
0.84
0.87
0.8
0.89
0.83
0.79
0.88
0.88
0.93
0.88
0.89
0.87
0.87
0.91
0.87
0.89
0.8
0.67
0.82
0.85
0.91
0.7
0.8
0.93
0.83
0.78
0.81
0.8
0.79
0.74
0.89
0.75
0.84
0.93
0.84
0.89
0.83
0.73
0.92
0.9
0.78
0.78
0.63
0.81
0.66
0.92
0.78
0.83
0.82
0.75
0.81
0.83
0.81
0.9
0.84
0.93
0.91
0.79
0.89
0.82
0.86
0.81
0.78
0.8
0.83
0.8
0.79
0.77
0.86
0.82
0.94
0.94
0.88
0.83
0.68
0.82
0.72
0.69
0.87
0.81
0.77
0.92
0.89
0.68
0.69
0.85
0.76
0.79
0.78
0.84
0.89
0.79
0.97
0.74
0.77
0.7
0.93
0.83
0.89
0.74
0.78
0.86
0.66
0.86
0.77
0.93
0.74
0.81
0.68
0.86
0.91
0.83
0.75
0.87
0.86
0.85
0.73
0.9
0.83
0.83
0.73
0.84
0.86
0.9
0.79
0.72
0.96
0.82
0.82
0.78
0.77
0.72
0.89
0.79
0.82
0.79
0.91
0.86
0.74
0.82
0.79
0.86
0.85
0.71
0.64
0.86
0.8
0.75
0.78
0.79
0.76
0.76
0.78
0.85
0.79
0.77
0.84
0.87
0.76
0.82
0.83
0.86
0.8
0.67
0.82
0.76
0.65
0.83
0.93
0.86
0.77
0.79
0.87
0.7
0.81
0.79
0.69
0.79
0.89
0.87
0.75
0.76
0.83
0.76
0.8
0.8
0.87
0.88
0.71
0.85
0.79
0.72
0.74
0.74
0.78
0.82
0.68
0.76
0.73
0.71
0.69
0.82
0.72
0.73
0.77
0.82
0.89
0.75
0.71
0.77
0.79
0.81
0.77
0.82
0.69
0.8
0.82
0.75
0.87
0.8
0.72
0.68
0.75
0.72
0.64
0.77
0.79
0.72
0.84
0.76
0.83
0.81
0.81
0.82
0.69
0.7
0.74
0.7
0.9
0.83
0.77
0.77
0.82
0.7
0.69
0.78
0.85
0.74
0.75
0.84
0.73
0.81
0.78
0.71
0.79
0.69
0.76
0.83
0.75
0.85
0.84
0.73
0.81
0.83
0.73
0.74
0.62
0.87
0.74
0.78
0.84
0.73
0.74
0.89
0.89
0.81
0.62
0.75
0.79
0.84
0.7
0.8
0.66
0.9
0.78
0.71
0.77
0.83
0.72
0.67
0.82
0.71
0.7
0.65
0.81
0.71
0.69
0.64
0.71
0.73
0.75
0.86
0.8
0.66
0.67
0.84
0.75
0.69
0.79
0.77
0.68
0.85
0.81
0.72
0.89
0.76
0.72
0.75
0.88
0.7
0.81
0.68
0.74
0.75
0.88
0.74
0.85
0.77
0.79
0.79
0.91
0.78
0.72
0.66
0.64
0.76
0.93
0.69
0.79
0.85
0.79
0.77
0.75
0.74
0.84
0.79
0.77
0.82
0.7
0.77
0.8
0.65
0.83
0.79
0.75
0.82
0.79
0.7
0.7
0.77
0.75
0.8
0.92
0.65
0.76
0.76
0.8
0.84
0.7
0.75
0.79
0.7
0.69
0.7
0.66
0.82
0.78
0.83
0.75
0.77
0.81
0.71
0.71
0.73
0.74
0.74
0.87
0.72
0.77
0.72
0.82
0.7
0.8
0.78
0.87
0.65
0.69
0.74
0.82
0.77
0.68
0.69
0.85
0.74
0.79
0.59
0.73
0.73
0.68
0.71
0.77
0.77
0.8
0.69
0.73
0.72
0.74
0.73
0.78
0.73
0.8
0.8
0.83
0.75
0.71
0.86
0.73
0.67
0.64
0.7
0.7
0.76
0.78
0.75
0.72
0.78
0.82
0.68
0.74
0.78
0.75
0.73
0.71
0.74
0.62
0.68
0.81
0.69
0.76
0.85
0.78
0.81
0.83
0.75
0.8
0.74
0.64
0.73
0.75
0.8
0.79
0.74
0.69
0.75
0.73
0.7
0.72
0.73
0.72
0.71
0.73
0.81
0.68
0.81
0.66
0.76
0.75
0.65
0.74
0.66
0.7
0.74
0.75
0.84
0.73
0.82
0.65
0.79
0.73
0.72
0.71
0.77
0.76
0.77
0.76
0.66
0.68
0.79
0.74
0.8
0.69
0.65
0.69
0.75
0.66
0.73
0.62
0.82
0.76
0.73
0.75
0.74
0.78
0.84
0.68
0.74
0.73
0.74
0.76
0.83
0.76
0.74
0.7
0.77
0.73
0.72
0.8
0.77
0.78
0.77
0.75
0.67
0.83
0.76
0.77
0.71
0.72
0.74
0.72
0.74
0.63
0.7
0.78
0.74
0.71
0.73
0.67
0.7
0.75
0.73
0.66
0.71
0.76
0.68
0.76
0.73
0.69
0.72
0.7
0.76
0.62
0.73
0.72
0.79
0.64
0.77
0.72
0.69
0.74
0.63
0.63
0.65
0.62
0.7
0.7
0.71
0.7
0.74
0.78
0.73
0.73
0.65
0.71
0.63
0.68
0.77
0.74
0.69
0.75
0.67
0.86
0.69
0.54
0.7
0.68
0.64
0.76
0.79
0.69
0.67
0.75
0.66
0.66
0.65
0.76
0.73
0.72
0.8
0.73
0.73
0.74
0.75
0.75
0.79
0.66
0.67
0.76
0.68
0.78
0.72
0.75
0.64
0.75
0.72
0.76
1.0
1.0
1.0
1.0
0.78

2
3
3
3
2
3
3
4
2
3
2
3
3
3
3
4
3
3
3
3
4
3
4
3
3
3
3
4
3
4
4
4
3
4
3
3
3
4
4
4
4
4
4
4
3
4
4
4
4
4
4
3
4
4
3
4
4
4
4
4
4
4
4
4
4
3
4
4
3
4
4
4
4
3
4
4
4
4
4
3
4
3
4
4
4
4
4
4
4
3
4
4
4
4
4
4
4
4
4
4
4
3
4
4
4
4
4
4
3
4
4
4
4
4
4
4
3
4
4
4
4
4
4
4
4
4
4
4
4
4
4
4
4
4
4
4
4
4
4
4
3
4
4
4
4
4
4
4
4
4
4
4
4
4
4
4
4
4
4
4
3
4
4
4
4
4
4
4
4
4
4
2
4
5
4
5
4
4
4
4
4
4
5
4
4
3
5
4
4
4
4
4
4
3
4
4
4
4
5
4
4
4
4
4
4
4
4
4
4
4
4
3
4
4
4
4
5
4
5
4
4
5
5
4
4
4
4
4
4
4
4
4
4
5
4
5
4
4
4
4
3
4
5
5
4
5
4
4
4
4
5
4
4
4
4
5
5
4
4
4
4
5
4
4
3
4
5
4
5
5
5
5
4
4
4
4
4
4
4
4
4
4
4
4
4
4
4
4
4
5
4
4
4
4
5
4
4
5
4
4
4
4
4
4
4
5
4
4
4
4
5
5
5
4
4
4
5
5
4
5
4
5
4
4
4
5
5
4
4
4
4
4
4
4
5
4
4
4
5
4
4
5
4
4
4
4
5
4
5
5
5
5
4
4
4
5
5
5
5
4
4
4
5
5
5
4
4
5
5
5
5
4
4
4
5
4
5
4
4
5
4
4
5
4
4
4
4
4
4
4
4
4
5
3
4
4
4
4
4
4
4
5
4
4
5
4
4
4
4
5
4
4
5
4
5
3
4
5
4
5
5
5
5
4
4
5
4
4
4
5
5
4
4
5
5
5
4
4
4
4
4
4
5
4
4
5
5
5
4
5
5
4
5
5
4
5
4
4
5
4
4
5
5
5
4
4
4
5
4
5
5
4
5
5
4
4
5
5
4
3
5
4
4
4
5
4
5
4
5
5
4
4
4
4
4
5
4
4
5
5
4
4
5
4
4
4
5
4
4
5
4
4
5
4
5
5
5
5
4
4
4
5
5
4
4
4
4
4
4
4
5
4
5
4
5
4
5
5
4
4
4
5
4
5
5
5
5
5
5
5
5
4
4
4
4
4
4
4
4
5
5
4
4
5
5
5
4
5
5
4
4
5
4
5
5
5
4
4
5
4
4
4
5
5
5
5
4
4
5
4
5
4
5
4
5
4
5
5
5
5
4
4
4
4
4
4
5
5
4
4
5
5
4
4
4
5
5
4
5
5
4
4
5
4
5
5
5
4
5
5
4
4
5
5
5
5
5
4
5
4
4
4
4
4
4
4
4
4
5
4
4
4
4
4
4
4
5
5
4
4
4
4
4
5
5
5
5
4
5
5
4
4
4
5
3
5
5
4
5
5
5
5
5
5
5
5
4
4
5
4
4
5
4
4
5
4
4
4
4
5
5
4
5
5
5
5
5
5
4
5
4
5
5
5
5
5
5
5
5
5
5
5
4
4
5
5
4
5
5
4
4
4
5
4
4
4
4
5
4
4
4
4
5
4
5
5
3
5
5
4
5
4
4
4
4
5
4
5
5
4
5
4
5
4
4
5
5
5
5
5
5
5
3
5
5
4
5
5
5
4
5
5
5
4
5
4
3
5
5
4
5
3
5
4
5
4
4
5
4
4
5
5
4
4
4
5
4
5
5
4
5
4
4
5
5
5
4
4
4
5
4
4
5
5
4
4
5
5
4
4
4
4
5
4
4
5
5
4
5
4
4
4
5
5
4
5
4
4
5
5
5
5
4
4
4
5
4
4
4
5
5
4
4
4
4
4
5
4
6
4
5
5
4
5
5
4
4
5
5
5
5
5
5
4
4
5
4
5
4
4
5
4
5
4
3
5
5
5
4
4
5
5
5
4
4
5
5
4
4
5
5
5
4
5
4
5
5
5
5
4
5
4
4
5
4
4
4
4
5
5
4
5
5
4
5
5
5
5
4
5
4
5
5
5
5
5
5
5
4
5
5
5
5
5
4
4
4
5
4
5
4
4
5
4
5
5
5
5
5
5
4
4
5
4
5
5
4
4
5
5
4
5
4
5
4
5
4
5
4
4
4
5
5
5
5
0
0
0
0
5
